
Plot information for Technologies (Dates: 2016-09-03 to 2016-10-03, Max Items: 12)
-------------------------------------------------------

([None, None, None, None, None, None, None, None, None, 235, 234, 234, 234, 236, 236, 236, 236, 236, 236, 235, 234, 234, 234, 234, 237, 237, 237, 237, 237, 237, 237], u'JavaScript')
[-6, -6, -6, -6, -5, -4, -3, -2, -3, 0, 1, 2, 3, 4, 4, 4, 7, 8, 9, 10, 11, 11, 11, 14, 15, 16, 17, 18, 18, 18, 18]
([None, None, None, None, None, None, None, None, None, 229, 228, 228, 228, 230, 230, 230, 230, 231, 232, 231, 230, 230, 230, 230, 232, 232, 232, 234, 234, 234, 234], u'HTML')
[-6, -6, -6, -6, -5, -4, -3, -2, -3, 0, 1, 2, 3, 4, 4, 4, 7, 8, 9, 10, 11, 11, 11, 14, 15, 16, 17, 18, 18, 18, 18]
([None, None, None, None, None, None, None, None, None, 224, 223, 224, 224, 226, 226, 226, 226, 227, 228, 227, 226, 226, 226, 227, 228, 228, 228, 230, 230, 230, 230], u'CSS')
[-6, -6, -6, -6, -5, -4, -3, -2, -3, 0, 1, 2, 3, 4, 4, 4, 7, 8, 9, 10, 11, 11, 11, 14, 15, 16, 17, 18, 18, 18, 18]
([None, None, None, None, None, None, None, None, None, 148, 147, 147, 147, 148, 148, 148, 148, 149, 150, 150, 149, 149, 149, 149, 150, 150, 150, 151, 151, 151, 151], u'jQuery')
[-6, -6, -6, -6, -5, -4, -3, -2, -3, 0, 1, 2, 3, 4, 4, 4, 7, 8, 9, 10, 11, 11, 11, 14, 15, 16, 17, 18, 18, 18, 18]
([None, None, None, None, None, None, None, None, None, 143, 143, 143, 143, 143, 143, 143, 144, 144, 145, 144, 144, 144, 144, 145, 147, 147, 148, 148, 148, 148, 148], u'Git')
[-6, -6, -6, -6, -5, -4, -3, -2, -3, 0, 1, 2, 3, 4, 4, 4, 7, 8, 9, 10, 11, 11, 11, 14, 15, 16, 17, 18, 18, 18, 18]
([None, None, None, None, None, None, None, None, None, 119, 118, 118, 118, 118, 118, 118, 118, 118, 119, 120, 120, 120, 120, 120, 122, 122, 122, 122, 122, 122, 122], u'SQL')
[-6, -6, -6, -6, -5, -4, -3, -2, -3, 0, 1, 2, 3, 4, 4, 4, 7, 8, 9, 10, 11, 11, 11, 14, 15, 16, 17, 18, 18, 18, 18]
([None, None, None, None, None, None, None, None, None, 101, 101, 101, 101, 102, 102, 102, 102, 102, 101, 101, 100, 100, 100, 100, 100, 100, 100, 101, 101, 101, 101], u'Ruby on Rails')
[-6, -6, -6, -6, -5, -4, -3, -2, -3, 0, 1, 2, 3, 4, 4, 4, 7, 8, 9, 10, 11, 11, 11, 14, 15, 16, 17, 18, 18, 18, 18]
([None, None, None, None, None, None, None, None, None, 94, 94, 94, 94, 94, 94, 94, 94, 95, 96, 96, 95, 95, 95, 95, 96, 96, 96, 97, 97, 97, 97], u'Node.js')
[-6, -6, -6, -6, -5, -4, -3, -2, -3, 0, 1, 2, 3, 4, 4, 4, 7, 8, 9, 10, 11, 11, 11, 14, 15, 16, 17, 18, 18, 18, 18]
([None, None, None, None, None, None, None, None, None, 98, 96, 96, 96, 96, 96, 96, 96, 96, 96, 96, 95, 95, 95, 95, 96, 96, 97, 97, 97, 97, 97], u'AngularJS')
[-6, -6, -6, -6, -5, -4, -3, -2, -3, 0, 1, 2, 3, 4, 4, 4, 7, 8, 9, 10, 11, 11, 11, 14, 15, 16, 17, 18, 18, 18, 18]
([None, None, None, None, None, None, None, None, None, 85, 85, 86, 86, 87, 87, 87, 87, 88, 89, 89, 88, 88, 88, 88, 88, 88, 88, 88, 88, 88, 88], u'Front End')
[-6, -6, -6, -6, -5, -4, -3, -2, -3, 0, 1, 2, 3, 4, 4, 4, 7, 8, 9, 10, 11, 11, 11, 14, 15, 16, 17, 18, 18, 18, 18]
([None, None, None, None, None, None, None, None, None, 87, 87, 87, 87, 88, 88, 88, 88, 88, 87, 87, 87, 87, 87, 87, 87, 87, 87, 88, 88, 88, 88], u'Ruby')
[-6, -6, -6, -6, -5, -4, -3, -2, -3, 0, 1, 2, 3, 4, 4, 4, 7, 8, 9, 10, 11, 11, 11, 14, 15, 16, 17, 18, 18, 18, 18]
([None, None, None, None, None, None, None, None, None, 75, 74, 74, 74, 75, 75, 75, 75, 75, 75, 75, 75, 75, 75, 76, 77, 77, 77, 78, 78, 78, 78], u'MySQL')
[-6, -6, -6, -6, -5, -4, -3, -2, -3, 0, 1, 2, 3, 4, 4, 4, 7, 8, 9, 10, 11, 11, 11, 14, 15, 16, 17, 18, 18, 18, 18]

Plot information for Locations (Dates: 2016-09-03 to 2016-10-03, Max Items: 12)
-------------------------------------------------------

([None, None, None, None, None, None, None, None, None, 56, 55, 55, 55, 55, 55, 55, 55, 55, 55, 55, 55, 55, 55, 55, 55, 55, 55, 56, 56, 56, 56], u'Online')
[-6, -6, -6, -6, -5, -4, -3, -2, -3, 0, 1, 2, 3, 4, 4, 4, 7, 8, 9, 10, 11, 11, 11, 14, 15, 16, 17, 18, 18, 18, 18]
([None, None, None, None, None, None, None, None, None, 41, 41, 41, 41, 42, 42, 42, 42, 42, 42, 42, 41, 41, 41, 41, 41, 41, 41, 41, 41, 41, 41], u'New York City')
[-6, -6, -6, -6, -5, -4, -3, -2, -3, 0, 1, 2, 3, 4, 4, 4, 7, 8, 9, 10, 11, 11, 11, 14, 15, 16, 17, 18, 18, 18, 18]
([None, None, None, None, None, None, None, None, None, 37, 37, 37, 37, 37, 37, 37, 36, 36, 36, 36, 36, 36, 36, 36, 36, 36, 36, 36, 36, 36, 36], u'San Francisco')
[-6, -6, -6, -6, -5, -4, -3, -2, -3, 0, 1, 2, 3, 4, 4, 4, 7, 8, 9, 10, 11, 11, 11, 14, 15, 16, 17, 18, 18, 18, 18]
([None, None, None, None, None, None, None, None, None, 23, 23, 23, 23, 23, 23, 23, 23, 23, 24, 24, 23, 23, 23, 23, 23, 23, 23, 23, 23, 23, 23], u'Los Angeles')
[-6, -6, -6, -6, -5, -4, -3, -2, -3, 0, 1, 2, 3, 4, 4, 4, 7, 8, 9, 10, 11, 11, 11, 14, 15, 16, 17, 18, 18, 18, 18]
([None, None, None, None, None, None, None, None, None, 21, 21, 21, 21, 21, 21, 21, 21, 21, 22, 22, 22, 22, 22, 22, 22, 22, 22, 22, 22, 22, 22], u'Chicago')
[-6, -6, -6, -6, -5, -4, -3, -2, -3, 0, 1, 2, 3, 4, 4, 4, 7, 8, 9, 10, 11, 11, 11, 14, 15, 16, 17, 18, 18, 18, 18]
([None, None, None, None, None, None, None, None, None, 17, 17, 17, 17, 17, 17, 17, 17, 17, 17, 17, 17, 17, 17, 17, 17, 17, 17, 17, 17, 17, 17], u'Seattle')
[-6, -6, -6, -6, -5, -4, -3, -2, -3, 0, 1, 2, 3, 4, 4, 4, 7, 8, 9, 10, 11, 11, 11, 14, 15, 16, 17, 18, 18, 18, 18]
([None, None, None, None, None, None, None, None, None, 17, 17, 17, 17, 17, 17, 17, 17, 17, 17, 17, 17, 17, 17, 17, 17, 17, 17, 17, 17, 17, 17], u'Austin')
[-6, -6, -6, -6, -5, -4, -3, -2, -3, 0, 1, 2, 3, 4, 4, 4, 7, 8, 9, 10, 11, 11, 11, 14, 15, 16, 17, 18, 18, 18, 18]
([None, None, None, None, None, None, None, None, None, 17, 17, 17, 17, 17, 17, 17, 17, 17, 17, 17, 17, 17, 17, 17, 16, 16, 16, 16, 16, 16, 16], u'London')
[-6, -6, -6, -6, -5, -4, -3, -2, -3, 0, 1, 2, 3, 4, 4, 4, 7, 8, 9, 10, 11, 11, 11, 14, 15, 16, 17, 18, 18, 18, 18]
([None, None, None, None, None, None, None, None, None, 14, 14, 14, 14, 14, 14, 14, 14, 14, 14, 14, 14, 14, 14, 14, 14, 14, 14, 14, 14, 14, 14], u'Denver')
[-6, -6, -6, -6, -5, -4, -3, -2, -3, 0, 1, 2, 3, 4, 4, 4, 7, 8, 9, 10, 11, 11, 11, 14, 15, 16, 17, 18, 18, 18, 18]
([None, None, None, None, None, None, None, None, None, 12, 12, 12, 12, 12, 12, 12, 12, 12, 12, 12, 12, 12, 12, 12, 12, 12, 12, 12, 12, 12, 12], u'Atlanta')
[-6, -6, -6, -6, -5, -4, -3, -2, -3, 0, 1, 2, 3, 4, 4, 4, 7, 8, 9, 10, 11, 11, 11, 14, 15, 16, 17, 18, 18, 18, 18]
([None, None, None, None, None, None, None, None, None, 13, 13, 13, 13, 13, 13, 13, 13, 13, 13, 13, 12, 12, 12, 12, 13, 12, 12, 12, 12, 12, 12], u'Dallas')
[-6, -6, -6, -6, -5, -4, -3, -2, -3, 0, 1, 2, 3, 4, 4, 4, 7, 8, 9, 10, 11, 11, 11, 14, 15, 16, 17, 18, 18, 18, 18]
([None, None, None, None, None, None, None, None, None, 11, 11, 11, 11, 11, 11, 11, 11, 11, 11, 11, 11, 11, 11, 11, 11, 11, 11, 11, 11, 11, 11], u'Washington')
[-6, -6, -6, -6, -5, -4, -3, -2, -3, 0, 1, 2, 3, 4, 4, 4, 7, 8, 9, 10, 11, 11, 11, 14, 15, 16, 17, 18, 18, 18, 18]

Plot information for Technologies (Dates: 2016-09-03 to 2016-10-03, Max Items: 12, Tracking Group: Selected Camp)
-------------------------------------------------------

Plot information for Locations (Dates: 2016-09-03 to 2016-10-03, Max Items: 12, Tracking Group: Selected Camp)
-------------------------------------------------------

Plot information for Technologies (Dates: 2016-09-03 to 2016-10-03, Max Items: 12, Tracking Group: Potential Markets)
-------------------------------------------------------

Plot information for Locations (Dates: 2016-09-03 to 2016-10-03, Max Items: 12, Tracking Group: Potential Markets)
-------------------------------------------------------

