Plot information for Technologies (Dates: 2016-09-10 to 2016-10-10, Max Items: 12)
-------------------------------------------------------

([None, None, 61.197916666666664, 61.09660574412533, 61.09660574412533, 61.09660574412533, 61.298701298701296, 61.298701298701296, 61.298701298701296, 61.298701298701296, 61.13989637305699, 60.98191214470284, 60.880829015544045, 60.77922077922078, 60.77922077922078, 60.77922077922078, 60.46511627906977, 60.76923076923077, 60.76923076923077, 60.76923076923077, 60.45918367346939, 60.45918367346939, 60.45918367346939, 60.65989847715736, 60.65989847715736, 60.50632911392405, 60.50632911392405, 60.45340050377834, 60.552763819095475, 60.45340050377834, 60.552763819095475], u'JavaScript')
[-2, -3, 0, 1, 2, 3, 4, 4, 4, 7, 8, 9, 10, 11, 11, 11, 14, 15, 16, 17, 18, 18, 18, 21, 22, 23, 24, 25, 26, 25, 28]
([None, None, 59.635416666666664, 59.530026109660575, 59.530026109660575, 59.530026109660575, 59.74025974025974, 59.74025974025974, 59.74025974025974, 59.74025974025974, 59.84455958549223, 59.94832041343669, 59.84455958549223, 59.74025974025974, 59.74025974025974, 59.74025974025974, 59.43152454780362, 59.48717948717949, 59.48717948717949, 59.48717948717949, 59.69387755102041, 59.69387755102041, 59.69387755102041, 59.898477157360404, 59.898477157360404, 59.74683544303797, 59.74683544303797, 59.69773299748111, 59.79899497487437, 59.69773299748111, 59.79899497487437], u'HTML')
[-2, -3, 0, 1, 2, 3, 4, 4, 4, 7, 8, 9, 10, 11, 11, 11, 14, 15, 16, 17, 18, 18, 18, 21, 22, 23, 24, 25, 26, 25, 28]
([None, None, 58.333333333333336, 58.224543080939945, 58.485639686684074, 58.485639686684074, 58.701298701298704, 58.701298701298704, 58.701298701298704, 58.701298701298704, 58.80829015544042, 58.91472868217054, 58.80829015544042, 58.701298701298704, 58.701298701298704, 58.701298701298704, 58.656330749354005, 58.46153846153846, 58.46153846153846, 58.46153846153846, 58.673469387755105, 58.673469387755105, 58.673469387755105, 58.88324873096447, 58.88324873096447, 58.734177215189874, 58.734177215189874, 58.69017632241814, 58.79396984924623, 58.69017632241814, 58.79396984924623], u'CSS')
[-2, -3, 0, 1, 2, 3, 4, 4, 4, 7, 8, 9, 10, 11, 11, 11, 14, 15, 16, 17, 18, 18, 18, 21, 22, 23, 24, 25, 26, 25, 28]
([None, None, 38.541666666666664, 38.38120104438642, 38.38120104438642, 38.38120104438642, 38.44155844155844, 38.44155844155844, 38.44155844155844, 38.44155844155844, 38.601036269430054, 38.75968992248062, 38.86010362694301, 38.701298701298704, 38.701298701298704, 38.701298701298704, 38.50129198966408, 38.46153846153846, 38.46153846153846, 38.46153846153846, 38.52040816326531, 38.52040816326531, 38.52040816326531, 38.83248730964467, 38.83248730964467, 38.734177215189874, 38.734177215189874, 38.79093198992443, 38.69346733668342, 38.79093198992443, 38.69346733668342], u'jQuery')
[-2, -3, 0, 1, 2, 3, 4, 4, 4, 7, 8, 9, 10, 11, 11, 11, 14, 15, 16, 17, 18, 18, 18, 21, 22, 23, 24, 25, 26, 25, 28]
([None, None, 37.239583333333336, 37.33681462140992, 37.33681462140992, 37.33681462140992, 37.142857142857146, 37.142857142857146, 37.142857142857146, 37.4025974025974, 37.30569948186528, 37.46770025839793, 37.30569948186528, 37.4025974025974, 37.4025974025974, 37.4025974025974, 37.46770025839793, 37.69230769230769, 37.69230769230769, 37.94871794871795, 37.755102040816325, 37.755102040816325, 37.755102040816325, 38.07106598984772, 38.07106598984772, 37.9746835443038, 37.9746835443038, 37.78337531486146, 37.688442211055275, 37.78337531486146, 37.688442211055275], u'Git')
[-2, -3, 0, 1, 2, 3, 4, 4, 4, 7, 8, 9, 10, 11, 11, 11, 14, 15, 16, 17, 18, 18, 18, 21, 22, 23, 24, 25, 26, 25, 28]
([None, None, 30.989583333333332, 30.80939947780679, 30.80939947780679, 30.80939947780679, 30.649350649350648, 30.649350649350648, 30.649350649350648, 30.649350649350648, 30.569948186528496, 30.74935400516796, 31.088082901554404, 31.16883116883117, 31.16883116883117, 31.16883116883117, 31.007751937984494, 31.28205128205128, 31.28205128205128, 31.28205128205128, 31.122448979591837, 31.122448979591837, 31.122448979591837, 31.472081218274113, 31.472081218274113, 31.139240506329113, 31.139240506329113, 30.730478589420656, 30.65326633165829, 30.730478589420656, 30.65326633165829], u'SQL')
[-2, -3, 0, 1, 2, 3, 4, 4, 4, 7, 8, 9, 10, 11, 11, 11, 14, 15, 16, 17, 18, 18, 18, 21, 22, 23, 24, 25, 26, 25, 28]
([None, None, 26.302083333333332, 26.37075718015666, 26.37075718015666, 26.37075718015666, 26.493506493506494, 26.493506493506494, 26.493506493506494, 26.493506493506494, 26.424870466321245, 26.098191214470283, 26.16580310880829, 25.974025974025974, 25.974025974025974, 25.974025974025974, 25.839793281653748, 25.641025641025642, 25.641025641025642, 25.641025641025642, 25.76530612244898, 25.76530612244898, 25.76530612244898, 25.888324873096447, 25.888324873096447, 25.82278481012658, 25.82278481012658, 25.692695214105793, 25.628140703517587, 25.692695214105793, 25.628140703517587], u'Ruby on Rails')
[-2, -3, 0, 1, 2, 3, 4, 4, 4, 7, 8, 9, 10, 11, 11, 11, 14, 15, 16, 17, 18, 18, 18, 21, 22, 23, 24, 25, 26, 25, 28]
([None, None, 24.479166666666668, 24.54308093994778, 24.54308093994778, 24.54308093994778, 24.415584415584416, 24.415584415584416, 24.415584415584416, 24.415584415584416, 24.61139896373057, 24.8062015503876, 24.870466321243523, 24.675324675324674, 24.675324675324674, 24.675324675324674, 24.54780361757106, 24.615384615384617, 24.615384615384617, 24.615384615384617, 24.744897959183675, 24.744897959183675, 24.744897959183675, 25.126903553299492, 25.126903553299492, 25.063291139240505, 25.063291139240505, 24.937027707808564, 24.87437185929648, 24.937027707808564, 24.87437185929648], u'Node.js')
[-2, -3, 0, 1, 2, 3, 4, 4, 4, 7, 8, 9, 10, 11, 11, 11, 14, 15, 16, 17, 18, 18, 18, 21, 22, 23, 24, 25, 26, 25, 28]
([None, None, 25.520833333333332, 25.065274151436032, 25.065274151436032, 25.065274151436032, 24.935064935064936, 24.935064935064936, 24.935064935064936, 24.935064935064936, 24.870466321243523, 24.8062015503876, 24.870466321243523, 24.675324675324674, 24.675324675324674, 24.675324675324674, 24.54780361757106, 24.615384615384617, 24.615384615384617, 24.871794871794872, 24.744897959183675, 24.744897959183675, 24.744897959183675, 25.126903553299492, 25.126903553299492, 25.063291139240505, 25.063291139240505, 24.937027707808564, 24.87437185929648, 24.937027707808564, 24.87437185929648], u'AngularJS')
[-2, -3, 0, 1, 2, 3, 4, 4, 4, 7, 8, 9, 10, 11, 11, 11, 14, 15, 16, 17, 18, 18, 18, 21, 22, 23, 24, 25, 26, 25, 28]
([None, None, 22.135416666666668, 22.193211488250654, 22.45430809399478, 22.45430809399478, 22.5974025974026, 22.5974025974026, 22.5974025974026, 22.5974025974026, 22.797927461139896, 22.997416020671835, 23.05699481865285, 22.857142857142858, 22.857142857142858, 22.857142857142858, 22.739018087855296, 22.564102564102566, 22.564102564102566, 22.564102564102566, 22.448979591836736, 22.448979591836736, 22.448979591836736, 22.588832487309645, 22.588832487309645, 22.531645569620252, 22.27848101265823, 22.16624685138539, 22.36180904522613, 22.16624685138539, 22.36180904522613], u'Front End')
[-2, -3, 0, 1, 2, 3, 4, 4, 4, 7, 8, 9, 10, 11, 11, 11, 14, 15, 16, 17, 18, 18, 18, 21, 22, 23, 24, 25, 26, 25, 28]
([None, None, 22.65625, 22.715404699738905, 22.715404699738905, 22.715404699738905, 22.857142857142858, 22.857142857142858, 22.857142857142858, 22.857142857142858, 22.797927461139896, 22.48062015503876, 22.53886010362694, 22.5974025974026, 22.5974025974026, 22.5974025974026, 22.48062015503876, 22.307692307692307, 22.307692307692307, 22.307692307692307, 22.448979591836736, 22.448979591836736, 22.448979591836736, 22.588832487309645, 22.588832487309645, 22.531645569620252, 22.531645569620252, 22.418136020151135, 22.36180904522613, 22.418136020151135, 22.36180904522613], u'Ruby')
[-2, -3, 0, 1, 2, 3, 4, 4, 4, 7, 8, 9, 10, 11, 11, 11, 14, 15, 16, 17, 18, 18, 18, 21, 22, 23, 24, 25, 26, 25, 28]
([None, None, 19.53125, 19.321148825065276, 19.321148825065276, 19.321148825065276, 19.48051948051948, 19.48051948051948, 19.48051948051948, 19.48051948051948, 19.430051813471504, 19.37984496124031, 19.430051813471504, 19.48051948051948, 19.48051948051948, 19.48051948051948, 19.638242894056848, 19.743589743589745, 19.743589743589745, 19.743589743589745, 19.897959183673468, 19.897959183673468, 19.897959183673468, 20.304568527918782, 20.304568527918782, 20.253164556962027, 20.253164556962027, 20.151133501259444, 20.100502512562816, 20.151133501259444, 20.100502512562816], u'MySQL')
[-2, -3, 0, 1, 2, 3, 4, 4, 4, 7, 8, 9, 10, 11, 11, 11, 14, 15, 16, 17, 18, 18, 18, 21, 22, 23, 24, 25, 26, 25, 28]

Plot information for Locations (Dates: 2016-09-10 to 2016-10-10, Max Items: 12)
-------------------------------------------------------

([None, None, 14.583333333333334, 14.360313315926893, 14.360313315926893, 14.360313315926893, 14.285714285714286, 14.285714285714286, 14.285714285714286, 14.285714285714286, 14.248704663212436, 14.21188630490956, 14.248704663212436, 14.285714285714286, 14.285714285714286, 14.285714285714286, 14.21188630490956, 14.102564102564102, 14.102564102564102, 14.102564102564102, 14.285714285714286, 14.285714285714286, 14.285714285714286, 14.213197969543147, 14.213197969543147, 14.177215189873417, 14.177215189873417, 14.105793450881611, 14.07035175879397, 14.105793450881611, 14.07035175879397], u'Online')
[-2, -3, 0, 1, 2, 3, 4, 4, 4, 7, 8, 9, 10, 11, 11, 11, 14, 15, 16, 17, 18, 18, 18, 21, 22, 23, 24, 25, 26, 25, 28]
([None, None, 10.677083333333334, 10.704960835509139, 10.704960835509139, 10.704960835509139, 10.909090909090908, 10.909090909090908, 10.909090909090908, 10.909090909090908, 10.880829015544041, 10.852713178294573, 10.880829015544041, 10.64935064935065, 10.64935064935065, 10.64935064935065, 10.594315245478036, 10.512820512820513, 10.512820512820513, 10.512820512820513, 10.459183673469388, 10.459183673469388, 10.459183673469388, 10.65989847715736, 10.65989847715736, 10.632911392405063, 10.886075949367088, 10.831234256926953, 10.804020100502512, 10.831234256926953, 10.804020100502512], u'New York City')
[-2, -3, 0, 1, 2, 3, 4, 4, 4, 7, 8, 9, 10, 11, 11, 11, 14, 15, 16, 17, 18, 18, 18, 21, 22, 23, 24, 25, 26, 25, 28]
([None, None, 9.635416666666666, 9.660574412532638, 9.660574412532638, 9.660574412532638, 9.61038961038961, 9.61038961038961, 9.61038961038961, 9.35064935064935, 9.32642487046632, 9.30232558139535, 9.32642487046632, 9.35064935064935, 9.35064935064935, 9.35064935064935, 9.30232558139535, 9.23076923076923, 9.23076923076923, 9.23076923076923, 9.183673469387756, 9.183673469387756, 9.183673469387756, 9.137055837563452, 9.137055837563452, 9.113924050632912, 9.113924050632912, 9.06801007556675, 9.045226130653266, 9.06801007556675, 9.045226130653266], u'San Francisco')
[-2, -3, 0, 1, 2, 3, 4, 4, 4, 7, 8, 9, 10, 11, 11, 11, 14, 15, 16, 17, 18, 18, 18, 21, 22, 23, 24, 25, 26, 25, 28]
([None, None, 5.989583333333333, 6.005221932114883, 6.005221932114883, 6.005221932114883, 5.974025974025974, 5.974025974025974, 5.974025974025974, 5.974025974025974, 5.958549222797927, 6.2015503875969, 6.217616580310881, 5.974025974025974, 5.974025974025974, 5.974025974025974, 5.943152454780361, 5.897435897435898, 5.897435897435898, 5.897435897435898, 5.86734693877551, 5.86734693877551, 5.86734693877551, 5.83756345177665, 5.83756345177665, 5.822784810126582, 5.822784810126582, 5.793450881612091, 5.778894472361809, 5.793450881612091, 5.778894472361809], u'Los Angeles')
[-2, -3, 0, 1, 2, 3, 4, 4, 4, 7, 8, 9, 10, 11, 11, 11, 14, 15, 16, 17, 18, 18, 18, 21, 22, 23, 24, 25, 26, 25, 28]
([None, None, 5.46875, 5.483028720626632, 5.483028720626632, 5.483028720626632, 5.454545454545454, 5.454545454545454, 5.454545454545454, 5.454545454545454, 5.4404145077720205, 5.684754521963824, 5.699481865284974, 5.714285714285714, 5.714285714285714, 5.714285714285714, 5.684754521963824, 5.641025641025641, 5.641025641025641, 5.641025641025641, 5.612244897959184, 5.612244897959184, 5.612244897959184, 5.583756345177665, 5.583756345177665, 5.569620253164557, 5.569620253164557, 5.541561712846348, 5.527638190954774, 5.541561712846348, 5.527638190954774], u'Chicago')
[-2, -3, 0, 1, 2, 3, 4, 4, 4, 7, 8, 9, 10, 11, 11, 11, 14, 15, 16, 17, 18, 18, 18, 21, 22, 23, 24, 25, 26, 25, 28]
([None, None, 4.427083333333333, 4.438642297650131, 4.438642297650131, 4.438642297650131, 4.415584415584416, 4.415584415584416, 4.415584415584416, 4.415584415584416, 4.404145077720207, 4.392764857881137, 4.404145077720207, 4.415584415584416, 4.415584415584416, 4.415584415584416, 4.392764857881137, 4.358974358974359, 4.358974358974359, 4.358974358974359, 4.336734693877551, 4.336734693877551, 4.336734693877551, 4.314720812182741, 4.314720812182741, 4.30379746835443, 4.30379746835443, 4.282115869017632, 4.271356783919598, 4.282115869017632, 4.271356783919598], u'Seattle')
[-2, -3, 0, 1, 2, 3, 4, 4, 4, 7, 8, 9, 10, 11, 11, 11, 14, 15, 16, 17, 18, 18, 18, 21, 22, 23, 24, 25, 26, 25, 28]
([None, None, 4.427083333333333, 4.438642297650131, 4.438642297650131, 4.438642297650131, 4.415584415584416, 4.415584415584416, 4.415584415584416, 4.415584415584416, 4.404145077720207, 4.392764857881137, 4.404145077720207, 4.415584415584416, 4.415584415584416, 4.415584415584416, 4.392764857881137, 4.358974358974359, 4.358974358974359, 4.358974358974359, 4.336734693877551, 4.336734693877551, 4.336734693877551, 4.314720812182741, 4.314720812182741, 4.30379746835443, 4.30379746835443, 4.282115869017632, 4.271356783919598, 4.282115869017632, 4.271356783919598], u'Austin')
[-2, -3, 0, 1, 2, 3, 4, 4, 4, 7, 8, 9, 10, 11, 11, 11, 14, 15, 16, 17, 18, 18, 18, 21, 22, 23, 24, 25, 26, 25, 28]
([None, None, 3.6458333333333335, 3.6553524804177546, 3.6553524804177546, 3.6553524804177546, 3.6363636363636362, 3.6363636363636362, 3.6363636363636362, 3.6363636363636362, 3.626943005181347, 3.6175710594315245, 3.626943005181347, 3.6363636363636362, 3.6363636363636362, 3.6363636363636362, 3.6175710594315245, 3.58974358974359, 3.58974358974359, 3.58974358974359, 3.5714285714285716, 3.5714285714285716, 3.5714285714285716, 3.553299492385787, 3.553299492385787, 3.5443037974683542, 3.5443037974683542, 3.7783375314861463, 3.7688442211055277, 3.7783375314861463, 3.7688442211055277], u'Denver')
[-2, -3, 0, 1, 2, 3, 4, 4, 4, 7, 8, 9, 10, 11, 11, 11, 14, 15, 16, 17, 18, 18, 18, 21, 22, 23, 24, 25, 26, 25, 28]
([None, None, 4.427083333333333, 4.438642297650131, 4.438642297650131, 4.438642297650131, 4.415584415584416, 4.415584415584416, 4.415584415584416, 4.415584415584416, 4.404145077720207, 4.392764857881137, 4.404145077720207, 4.415584415584416, 4.415584415584416, 4.415584415584416, 4.392764857881137, 4.102564102564102, 4.102564102564102, 4.102564102564102, 4.081632653061225, 4.081632653061225, 4.081632653061225, 4.060913705583756, 4.060913705583756, 4.050632911392405, 4.050632911392405, 3.7783375314861463, 3.7688442211055277, 3.7783375314861463, 3.7688442211055277], u'London')
[-2, -3, 0, 1, 2, 3, 4, 4, 4, 7, 8, 9, 10, 11, 11, 11, 14, 15, 16, 17, 18, 18, 18, 21, 22, 23, 24, 25, 26, 25, 28]
([None, None, 3.125, 3.133159268929504, 3.133159268929504, 3.133159268929504, 3.116883116883117, 3.116883116883117, 3.116883116883117, 3.116883116883117, 3.1088082901554404, 3.10077519379845, 3.1088082901554404, 3.116883116883117, 3.116883116883117, 3.116883116883117, 3.10077519379845, 3.076923076923077, 3.076923076923077, 3.076923076923077, 3.061224489795918, 3.061224489795918, 3.061224489795918, 3.045685279187817, 3.045685279187817, 3.037974683544304, 3.037974683544304, 3.022670025188917, 3.0150753768844223, 3.022670025188917, 3.0150753768844223], u'Atlanta')
[-2, -3, 0, 1, 2, 3, 4, 4, 4, 7, 8, 9, 10, 11, 11, 11, 14, 15, 16, 17, 18, 18, 18, 21, 22, 23, 24, 25, 26, 25, 28]
([None, None, 3.3854166666666665, 3.3942558746736293, 3.3942558746736293, 3.3942558746736293, 3.3766233766233764, 3.3766233766233764, 3.3766233766233764, 3.3766233766233764, 3.3678756476683938, 3.359173126614987, 3.3678756476683938, 3.116883116883117, 3.116883116883117, 3.116883116883117, 3.10077519379845, 3.3333333333333335, 3.076923076923077, 3.076923076923077, 3.061224489795918, 3.061224489795918, 3.061224489795918, 3.045685279187817, 3.045685279187817, 3.037974683544304, 3.037974683544304, 3.022670025188917, 3.0150753768844223, 3.022670025188917, 3.0150753768844223], u'Dallas')
[-2, -3, 0, 1, 2, 3, 4, 4, 4, 7, 8, 9, 10, 11, 11, 11, 14, 15, 16, 17, 18, 18, 18, 21, 22, 23, 24, 25, 26, 25, 28]
([None, None, 2.8645833333333335, 2.8720626631853787, 2.8720626631853787, 2.8720626631853787, 2.857142857142857, 2.857142857142857, 2.857142857142857, 2.857142857142857, 2.849740932642487, 2.842377260981912, 2.849740932642487, 2.857142857142857, 2.857142857142857, 2.857142857142857, 2.842377260981912, 2.8205128205128207, 2.8205128205128207, 2.8205128205128207, 2.806122448979592, 2.806122448979592, 2.806122448979592, 2.7918781725888326, 2.7918781725888326, 2.7848101265822787, 2.7848101265822787, 2.770780856423174, 2.763819095477387, 2.770780856423174, 2.763819095477387], u'Washington')
[-2, -3, 0, 1, 2, 3, 4, 4, 4, 7, 8, 9, 10, 11, 11, 11, 14, 15, 16, 17, 18, 18, 18, 21, 22, 23, 24, 25, 26, 25, 28]

Plot information for Technologies (Dates: 2016-09-10 to 2016-10-10, Max Items: 12, Tracking Group: Selected Camp)
-------------------------------------------------------

([None, None, None, None, None, 98.03921568627452, 98.07692307692308, 98.07692307692308, 98.07692307692308, 98.07692307692308, 98.07692307692308, 98.07692307692308, 98.07692307692308, 98.07692307692308, 98.07692307692308, 98.07692307692308, 98.07692307692308, 96.15384615384616, 96.15384615384616, 96.15384615384616, 98.07692307692308, 98.07692307692308, 98.07692307692308, 98.07692307692308, 98.07692307692308, 98.07692307692308, 98.07692307692308, 98.07692307692308, 98.07692307692308, 98.07692307692308, 98.07692307692308], u'HTML')
[3, 3, 3, 3, 3, 3, 4, 4, 4, 7, 8, 9, 10, 11, 11, 11, 14, 15, 16, 17, 18, 18, 18, 21, 22, 23, 24, 25, 26, 25, 28]
([None, None, None, None, None, 98.03921568627452, 98.07692307692308, 98.07692307692308, 98.07692307692308, 98.07692307692308, 98.07692307692308, 98.07692307692308, 98.07692307692308, 98.07692307692308, 98.07692307692308, 98.07692307692308, 98.07692307692308, 96.15384615384616, 96.15384615384616, 96.15384615384616, 98.07692307692308, 98.07692307692308, 98.07692307692308, 98.07692307692308, 98.07692307692308, 98.07692307692308, 98.07692307692308, 98.07692307692308, 98.07692307692308, 98.07692307692308, 98.07692307692308], u'CSS')
[3, 3, 3, 3, 3, 3, 4, 4, 4, 7, 8, 9, 10, 11, 11, 11, 14, 15, 16, 17, 18, 18, 18, 21, 22, 23, 24, 25, 26, 25, 28]
([None, None, None, None, None, 96.07843137254902, 96.15384615384616, 96.15384615384616, 96.15384615384616, 96.15384615384616, 96.15384615384616, 96.15384615384616, 96.15384615384616, 96.15384615384616, 96.15384615384616, 96.15384615384616, 96.15384615384616, 96.15384615384616, 96.15384615384616, 96.15384615384616, 96.15384615384616, 96.15384615384616, 96.15384615384616, 96.15384615384616, 96.15384615384616, 96.15384615384616, 96.15384615384616, 96.15384615384616, 96.15384615384616, 96.15384615384616, 96.15384615384616], u'JavaScript')
[3, 3, 3, 3, 3, 3, 4, 4, 4, 7, 8, 9, 10, 11, 11, 11, 14, 15, 16, 17, 18, 18, 18, 21, 22, 23, 24, 25, 26, 25, 28]
([None, None, None, None, None, 74.50980392156863, 75.0, 75.0, 75.0, 75.0, 75.0, 75.0, 75.0, 75.0, 75.0, 75.0, 75.0, 76.92307692307692, 76.92307692307692, 76.92307692307692, 76.92307692307692, 76.92307692307692, 76.92307692307692, 76.92307692307692, 76.92307692307692, 76.92307692307692, 76.92307692307692, 76.92307692307692, 76.92307692307692, 76.92307692307692, 76.92307692307692], u'Git')
[3, 3, 3, 3, 3, 3, 4, 4, 4, 7, 8, 9, 10, 11, 11, 11, 14, 15, 16, 17, 18, 18, 18, 21, 22, 23, 24, 25, 26, 25, 28]
([None, None, None, None, None, 70.58823529411765, 69.23076923076923, 69.23076923076923, 69.23076923076923, 69.23076923076923, 69.23076923076923, 69.23076923076923, 69.23076923076923, 69.23076923076923, 69.23076923076923, 69.23076923076923, 69.23076923076923, 71.15384615384616, 71.15384615384616, 71.15384615384616, 71.15384615384616, 71.15384615384616, 71.15384615384616, 71.15384615384616, 71.15384615384616, 71.15384615384616, 71.15384615384616, 73.07692307692308, 73.07692307692308, 73.07692307692308, 73.07692307692308], u'jQuery')
[3, 3, 3, 3, 3, 3, 4, 4, 4, 7, 8, 9, 10, 11, 11, 11, 14, 15, 16, 17, 18, 18, 18, 21, 22, 23, 24, 25, 26, 25, 28]
([None, None, None, None, None, 68.62745098039215, 67.3076923076923, 67.3076923076923, 67.3076923076923, 67.3076923076923, 67.3076923076923, 67.3076923076923, 67.3076923076923, 67.3076923076923, 67.3076923076923, 67.3076923076923, 67.3076923076923, 69.23076923076923, 69.23076923076923, 69.23076923076923, 69.23076923076923, 69.23076923076923, 69.23076923076923, 69.23076923076923, 69.23076923076923, 69.23076923076923, 69.23076923076923, 67.3076923076923, 67.3076923076923, 67.3076923076923, 67.3076923076923], u'SQL')
[3, 3, 3, 3, 3, 3, 4, 4, 4, 7, 8, 9, 10, 11, 11, 11, 14, 15, 16, 17, 18, 18, 18, 21, 22, 23, 24, 25, 26, 25, 28]
([None, None, None, None, None, 54.90196078431372, 53.84615384615385, 53.84615384615385, 53.84615384615385, 53.84615384615385, 53.84615384615385, 53.84615384615385, 53.84615384615385, 53.84615384615385, 53.84615384615385, 53.84615384615385, 53.84615384615385, 53.84615384615385, 53.84615384615385, 53.84615384615385, 53.84615384615385, 53.84615384615385, 53.84615384615385, 53.84615384615385, 53.84615384615385, 53.84615384615385, 53.84615384615385, 53.84615384615385, 53.84615384615385, 53.84615384615385, 53.84615384615385], u'Node.js')
[3, 3, 3, 3, 3, 3, 4, 4, 4, 7, 8, 9, 10, 11, 11, 11, 14, 15, 16, 17, 18, 18, 18, 21, 22, 23, 24, 25, 26, 25, 28]
([None, None, None, None, None, 49.01960784313726, 50.0, 50.0, 50.0, 50.0, 50.0, 50.0, 50.0, 50.0, 50.0, 50.0, 50.0, 50.0, 50.0, 50.0, 50.0, 50.0, 50.0, 50.0, 50.0, 50.0, 50.0, 50.0, 50.0, 50.0, 50.0], u'AngularJS')
[3, 3, 3, 3, 3, 3, 4, 4, 4, 7, 8, 9, 10, 11, 11, 11, 14, 15, 16, 17, 18, 18, 18, 21, 22, 23, 24, 25, 26, 25, 28]
([None, None, None, None, None, 49.01960784313726, 48.07692307692308, 48.07692307692308, 48.07692307692308, 48.07692307692308, 48.07692307692308, 48.07692307692308, 48.07692307692308, 48.07692307692308, 48.07692307692308, 48.07692307692308, 48.07692307692308, 48.07692307692308, 48.07692307692308, 48.07692307692308, 48.07692307692308, 48.07692307692308, 48.07692307692308, 48.07692307692308, 48.07692307692308, 48.07692307692308, 48.07692307692308, 48.07692307692308, 48.07692307692308, 48.07692307692308, 48.07692307692308], u'Front End')
[3, 3, 3, 3, 3, 3, 4, 4, 4, 7, 8, 9, 10, 11, 11, 11, 14, 15, 16, 17, 18, 18, 18, 21, 22, 23, 24, 25, 26, 25, 28]
([None, None, None, None, None, 45.09803921568628, 44.23076923076923, 44.23076923076923, 44.23076923076923, 44.23076923076923, 44.23076923076923, 44.23076923076923, 44.23076923076923, 44.23076923076923, 44.23076923076923, 44.23076923076923, 44.23076923076923, 44.23076923076923, 44.23076923076923, 44.23076923076923, 44.23076923076923, 44.23076923076923, 44.23076923076923, 44.23076923076923, 44.23076923076923, 44.23076923076923, 44.23076923076923, 44.23076923076923, 44.23076923076923, 44.23076923076923, 44.23076923076923], u'Ruby on Rails')
[3, 3, 3, 3, 3, 3, 4, 4, 4, 7, 8, 9, 10, 11, 11, 11, 14, 15, 16, 17, 18, 18, 18, 21, 22, 23, 24, 25, 26, 25, 28]
([None, None, None, None, None, 39.21568627450981, 38.46153846153846, 38.46153846153846, 38.46153846153846, 38.46153846153846, 38.46153846153846, 38.46153846153846, 38.46153846153846, 38.46153846153846, 38.46153846153846, 38.46153846153846, 38.46153846153846, 40.38461538461539, 40.38461538461539, 40.38461538461539, 40.38461538461539, 40.38461538461539, 40.38461538461539, 40.38461538461539, 40.38461538461539, 40.38461538461539, 40.38461538461539, 40.38461538461539, 40.38461538461539, 40.38461538461539, 40.38461538461539], u'MySQL')
[3, 3, 3, 3, 3, 3, 4, 4, 4, 7, 8, 9, 10, 11, 11, 11, 14, 15, 16, 17, 18, 18, 18, 21, 22, 23, 24, 25, 26, 25, 28]
([None, None, None, None, None, 41.1764705882353, 40.38461538461539, 40.38461538461539, 40.38461538461539, 40.38461538461539, 40.38461538461539, 40.38461538461539, 40.38461538461539, 40.38461538461539, 40.38461538461539, 40.38461538461539, 40.38461538461539, 40.38461538461539, 40.38461538461539, 40.38461538461539, 40.38461538461539, 40.38461538461539, 40.38461538461539, 40.38461538461539, 40.38461538461539, 40.38461538461539, 40.38461538461539, 40.38461538461539, 40.38461538461539, 40.38461538461539, 40.38461538461539], u'Ruby')
[3, 3, 3, 3, 3, 3, 4, 4, 4, 7, 8, 9, 10, 11, 11, 11, 14, 15, 16, 17, 18, 18, 18, 21, 22, 23, 24, 25, 26, 25, 28]

Plot information for Locations (Dates: 2016-09-10 to 2016-10-10, Max Items: 12, Tracking Group: Selected Camp)
-------------------------------------------------------

([None, None, None, None, None, 23.529411764705884, 23.076923076923077, 23.076923076923077, 23.076923076923077, 23.076923076923077, 23.076923076923077, 23.076923076923077, 23.076923076923077, 23.076923076923077, 23.076923076923077, 23.076923076923077, 23.076923076923077, 23.076923076923077, 23.076923076923077, 23.076923076923077, 23.076923076923077, 23.076923076923077, 23.076923076923077, 23.076923076923077, 23.076923076923077, 23.076923076923077, 23.076923076923077, 23.076923076923077, 23.076923076923077, 23.076923076923077, 23.076923076923077], u'New York City')
[3, 3, 3, 3, 3, 3, 4, 4, 4, 7, 8, 9, 10, 11, 11, 11, 14, 15, 16, 17, 18, 18, 18, 21, 22, 23, 24, 25, 26, 25, 28]
([None, None, None, None, None, 17.647058823529413, 17.307692307692307, 17.307692307692307, 17.307692307692307, 17.307692307692307, 17.307692307692307, 17.307692307692307, 17.307692307692307, 17.307692307692307, 17.307692307692307, 17.307692307692307, 17.307692307692307, 15.384615384615385, 15.384615384615385, 15.384615384615385, 17.307692307692307, 17.307692307692307, 17.307692307692307, 17.307692307692307, 17.307692307692307, 17.307692307692307, 17.307692307692307, 17.307692307692307, 17.307692307692307, 17.307692307692307, 17.307692307692307], u'Online')
[3, 3, 3, 3, 3, 3, 4, 4, 4, 7, 8, 9, 10, 11, 11, 11, 14, 15, 16, 17, 18, 18, 18, 21, 22, 23, 24, 25, 26, 25, 28]
([None, None, None, None, None, 17.647058823529413, 17.307692307692307, 17.307692307692307, 17.307692307692307, 17.307692307692307, 17.307692307692307, 17.307692307692307, 17.307692307692307, 17.307692307692307, 17.307692307692307, 17.307692307692307, 17.307692307692307, 17.307692307692307, 17.307692307692307, 17.307692307692307, 17.307692307692307, 17.307692307692307, 17.307692307692307, 17.307692307692307, 17.307692307692307, 17.307692307692307, 17.307692307692307, 17.307692307692307, 17.307692307692307, 17.307692307692307, 17.307692307692307], u'San Francisco')
[3, 3, 3, 3, 3, 3, 4, 4, 4, 7, 8, 9, 10, 11, 11, 11, 14, 15, 16, 17, 18, 18, 18, 21, 22, 23, 24, 25, 26, 25, 28]
([None, None, None, None, None, 17.647058823529413, 17.307692307692307, 17.307692307692307, 17.307692307692307, 17.307692307692307, 17.307692307692307, 17.307692307692307, 17.307692307692307, 17.307692307692307, 17.307692307692307, 17.307692307692307, 17.307692307692307, 17.307692307692307, 17.307692307692307, 17.307692307692307, 17.307692307692307, 17.307692307692307, 17.307692307692307, 17.307692307692307, 17.307692307692307, 17.307692307692307, 17.307692307692307, 17.307692307692307, 17.307692307692307, 17.307692307692307, 17.307692307692307], u'Seattle')
[3, 3, 3, 3, 3, 3, 4, 4, 4, 7, 8, 9, 10, 11, 11, 11, 14, 15, 16, 17, 18, 18, 18, 21, 22, 23, 24, 25, 26, 25, 28]
([None, None, None, None, None, 13.72549019607843, 13.461538461538462, 13.461538461538462, 13.461538461538462, 13.461538461538462, 13.461538461538462, 13.461538461538462, 13.461538461538462, 13.461538461538462, 13.461538461538462, 13.461538461538462, 13.461538461538462, 13.461538461538462, 13.461538461538462, 13.461538461538462, 13.461538461538462, 13.461538461538462, 13.461538461538462, 13.461538461538462, 13.461538461538462, 13.461538461538462, 13.461538461538462, 13.461538461538462, 13.461538461538462, 13.461538461538462, 13.461538461538462], u'Chicago')
[3, 3, 3, 3, 3, 3, 4, 4, 4, 7, 8, 9, 10, 11, 11, 11, 14, 15, 16, 17, 18, 18, 18, 21, 22, 23, 24, 25, 26, 25, 28]
([None, None, None, None, None, 13.72549019607843, 13.461538461538462, 13.461538461538462, 13.461538461538462, 13.461538461538462, 13.461538461538462, 13.461538461538462, 13.461538461538462, 13.461538461538462, 13.461538461538462, 13.461538461538462, 13.461538461538462, 13.461538461538462, 13.461538461538462, 13.461538461538462, 13.461538461538462, 13.461538461538462, 13.461538461538462, 13.461538461538462, 13.461538461538462, 13.461538461538462, 13.461538461538462, 13.461538461538462, 13.461538461538462, 13.461538461538462, 13.461538461538462], u'Los Angeles')
[3, 3, 3, 3, 3, 3, 4, 4, 4, 7, 8, 9, 10, 11, 11, 11, 14, 15, 16, 17, 18, 18, 18, 21, 22, 23, 24, 25, 26, 25, 28]
([None, None, None, None, None, 13.72549019607843, 13.461538461538462, 13.461538461538462, 13.461538461538462, 13.461538461538462, 13.461538461538462, 13.461538461538462, 13.461538461538462, 13.461538461538462, 13.461538461538462, 13.461538461538462, 13.461538461538462, 13.461538461538462, 13.461538461538462, 13.461538461538462, 13.461538461538462, 13.461538461538462, 13.461538461538462, 13.461538461538462, 13.461538461538462, 13.461538461538462, 13.461538461538462, 13.461538461538462, 13.461538461538462, 13.461538461538462, 13.461538461538462], u'Austin')
[3, 3, 3, 3, 3, 3, 4, 4, 4, 7, 8, 9, 10, 11, 11, 11, 14, 15, 16, 17, 18, 18, 18, 21, 22, 23, 24, 25, 26, 25, 28]
([None, None, None, None, None, 7.8431372549019605, 7.6923076923076925, 7.6923076923076925, 7.6923076923076925, 7.6923076923076925, 7.6923076923076925, 7.6923076923076925, 7.6923076923076925, 7.6923076923076925, 7.6923076923076925, 7.6923076923076925, 7.6923076923076925, 7.6923076923076925, 7.6923076923076925, 7.6923076923076925, 7.6923076923076925, 7.6923076923076925, 7.6923076923076925, 7.6923076923076925, 7.6923076923076925, 7.6923076923076925, 7.6923076923076925, 9.615384615384615, 9.615384615384615, 9.615384615384615, 9.615384615384615], u'Denver')
[3, 3, 3, 3, 3, 3, 4, 4, 4, 7, 8, 9, 10, 11, 11, 11, 14, 15, 16, 17, 18, 18, 18, 21, 22, 23, 24, 25, 26, 25, 28]
([None, None, None, None, None, 9.803921568627452, 9.615384615384615, 9.615384615384615, 9.615384615384615, 9.615384615384615, 9.615384615384615, 9.615384615384615, 9.615384615384615, 9.615384615384615, 9.615384615384615, 9.615384615384615, 9.615384615384615, 9.615384615384615, 9.615384615384615, 9.615384615384615, 9.615384615384615, 9.615384615384615, 9.615384615384615, 9.615384615384615, 9.615384615384615, 9.615384615384615, 9.615384615384615, 9.615384615384615, 9.615384615384615, 9.615384615384615, 9.615384615384615], u'Salt Lake City')
[3, 3, 3, 3, 3, 3, 4, 4, 4, 7, 8, 9, 10, 11, 11, 11, 14, 15, 16, 17, 18, 18, 18, 21, 22, 23, 24, 25, 26, 25, 28]
([None, None, None, None, None, 7.8431372549019605, 7.6923076923076925, 7.6923076923076925, 7.6923076923076925, 7.6923076923076925, 7.6923076923076925, 7.6923076923076925, 7.6923076923076925, 7.6923076923076925, 7.6923076923076925, 7.6923076923076925, 7.6923076923076925, 7.6923076923076925, 7.6923076923076925, 7.6923076923076925, 7.6923076923076925, 7.6923076923076925, 7.6923076923076925, 7.6923076923076925, 7.6923076923076925, 7.6923076923076925, 7.6923076923076925, 7.6923076923076925, 7.6923076923076925, 7.6923076923076925, 7.6923076923076925], u'Dallas')
[3, 3, 3, 3, 3, 3, 4, 4, 4, 7, 8, 9, 10, 11, 11, 11, 14, 15, 16, 17, 18, 18, 18, 21, 22, 23, 24, 25, 26, 25, 28]
([None, None, None, None, None, 7.8431372549019605, 7.6923076923076925, 7.6923076923076925, 7.6923076923076925, 7.6923076923076925, 7.6923076923076925, 7.6923076923076925, 7.6923076923076925, 7.6923076923076925, 7.6923076923076925, 7.6923076923076925, 7.6923076923076925, 7.6923076923076925, 7.6923076923076925, 7.6923076923076925, 7.6923076923076925, 7.6923076923076925, 7.6923076923076925, 7.6923076923076925, 7.6923076923076925, 7.6923076923076925, 7.6923076923076925, 7.6923076923076925, 7.6923076923076925, 7.6923076923076925, 7.6923076923076925], u'Atlanta')
[3, 3, 3, 3, 3, 3, 4, 4, 4, 7, 8, 9, 10, 11, 11, 11, 14, 15, 16, 17, 18, 18, 18, 21, 22, 23, 24, 25, 26, 25, 28]
([None, None, None, None, None, 7.8431372549019605, 7.6923076923076925, 7.6923076923076925, 7.6923076923076925, 7.6923076923076925, 7.6923076923076925, 7.6923076923076925, 7.6923076923076925, 7.6923076923076925, 7.6923076923076925, 7.6923076923076925, 7.6923076923076925, 7.6923076923076925, 7.6923076923076925, 7.6923076923076925, 7.6923076923076925, 7.6923076923076925, 7.6923076923076925, 7.6923076923076925, 7.6923076923076925, 7.6923076923076925, 7.6923076923076925, 7.6923076923076925, 7.6923076923076925, 7.6923076923076925, 7.6923076923076925], u'Washington')
[3, 3, 3, 3, 3, 3, 4, 4, 4, 7, 8, 9, 10, 11, 11, 11, 14, 15, 16, 17, 18, 18, 18, 21, 22, 23, 24, 25, 26, 25, 28]

Plot information for Technologies (Dates: 2016-09-10 to 2016-10-10, Max Items: 12, Tracking Group: Potential Markets)
-------------------------------------------------------

([None, None, None, 58.8235294117647, 58.8235294117647, 58.8235294117647, 58.8235294117647, 58.8235294117647, 58.8235294117647, 58.8235294117647, 58.8235294117647, 58.8235294117647, 58.8235294117647, 58.8235294117647, 58.8235294117647, 58.8235294117647, 58.8235294117647, 58.8235294117647, 58.8235294117647, 58.8235294117647, 58.8235294117647, 58.8235294117647, 58.8235294117647, 58.8235294117647, 58.8235294117647, 58.8235294117647, 58.8235294117647, 58.8235294117647, 58.8235294117647, 58.8235294117647, 58.8235294117647], u'HTML')
[1, 1, 1, 1, 2, 3, 4, 4, 4, 7, 8, 9, 10, 11, 11, 11, 14, 15, 16, 17, 18, 18, 18, 21, 22, 23, 24, 25, 26, 25, 28]
([None, None, None, 58.8235294117647, 58.8235294117647, 58.8235294117647, 58.8235294117647, 58.8235294117647, 58.8235294117647, 58.8235294117647, 58.8235294117647, 58.8235294117647, 58.8235294117647, 58.8235294117647, 58.8235294117647, 58.8235294117647, 58.8235294117647, 58.8235294117647, 58.8235294117647, 58.8235294117647, 58.8235294117647, 58.8235294117647, 58.8235294117647, 58.8235294117647, 58.8235294117647, 58.8235294117647, 58.8235294117647, 58.8235294117647, 58.8235294117647, 58.8235294117647, 58.8235294117647], u'JavaScript')
[1, 1, 1, 1, 2, 3, 4, 4, 4, 7, 8, 9, 10, 11, 11, 11, 14, 15, 16, 17, 18, 18, 18, 21, 22, 23, 24, 25, 26, 25, 28]
([None, None, None, 58.8235294117647, 58.8235294117647, 58.8235294117647, 58.8235294117647, 58.8235294117647, 58.8235294117647, 58.8235294117647, 58.8235294117647, 58.8235294117647, 58.8235294117647, 58.8235294117647, 58.8235294117647, 58.8235294117647, 58.8235294117647, 58.8235294117647, 58.8235294117647, 58.8235294117647, 58.8235294117647, 58.8235294117647, 58.8235294117647, 58.8235294117647, 58.8235294117647, 58.8235294117647, 58.8235294117647, 58.8235294117647, 58.8235294117647, 58.8235294117647, 58.8235294117647], u'CSS')
[1, 1, 1, 1, 2, 3, 4, 4, 4, 7, 8, 9, 10, 11, 11, 11, 14, 15, 16, 17, 18, 18, 18, 21, 22, 23, 24, 25, 26, 25, 28]
([None, None, None, 47.05882352941177, 47.05882352941177, 47.05882352941177, 47.05882352941177, 47.05882352941177, 47.05882352941177, 47.05882352941177, 47.05882352941177, 47.05882352941177, 47.05882352941177, 47.05882352941177, 47.05882352941177, 47.05882352941177, 47.05882352941177, 47.05882352941177, 47.05882352941177, 47.05882352941177, 47.05882352941177, 47.05882352941177, 47.05882352941177, 47.05882352941177, 47.05882352941177, 47.05882352941177, 47.05882352941177, 47.05882352941177, 47.05882352941177, 47.05882352941177, 47.05882352941177], u'jQuery')
[1, 1, 1, 1, 2, 3, 4, 4, 4, 7, 8, 9, 10, 11, 11, 11, 14, 15, 16, 17, 18, 18, 18, 21, 22, 23, 24, 25, 26, 25, 28]
([None, None, None, 47.05882352941177, 47.05882352941177, 47.05882352941177, 47.05882352941177, 47.05882352941177, 47.05882352941177, 47.05882352941177, 47.05882352941177, 47.05882352941177, 47.05882352941177, 47.05882352941177, 47.05882352941177, 47.05882352941177, 47.05882352941177, 47.05882352941177, 47.05882352941177, 47.05882352941177, 47.05882352941177, 47.05882352941177, 47.05882352941177, 47.05882352941177, 47.05882352941177, 47.05882352941177, 47.05882352941177, 47.05882352941177, 47.05882352941177, 47.05882352941177, 47.05882352941177], u'Git')
[1, 1, 1, 1, 2, 3, 4, 4, 4, 7, 8, 9, 10, 11, 11, 11, 14, 15, 16, 17, 18, 18, 18, 21, 22, 23, 24, 25, 26, 25, 28]
([None, None, None, 41.1764705882353, 41.1764705882353, 41.1764705882353, 41.1764705882353, 41.1764705882353, 41.1764705882353, 41.1764705882353, 41.1764705882353, 41.1764705882353, 41.1764705882353, 41.1764705882353, 41.1764705882353, 41.1764705882353, 41.1764705882353, 41.1764705882353, 41.1764705882353, 41.1764705882353, 41.1764705882353, 41.1764705882353, 41.1764705882353, 41.1764705882353, 41.1764705882353, 41.1764705882353, 41.1764705882353, 41.1764705882353, 41.1764705882353, 41.1764705882353, 41.1764705882353], u'SQL')
[1, 1, 1, 1, 2, 3, 4, 4, 4, 7, 8, 9, 10, 11, 11, 11, 14, 15, 16, 17, 18, 18, 18, 21, 22, 23, 24, 25, 26, 25, 28]
([None, None, None, 35.294117647058826, 35.294117647058826, 35.294117647058826, 35.294117647058826, 35.294117647058826, 35.294117647058826, 35.294117647058826, 35.294117647058826, 35.294117647058826, 35.294117647058826, 35.294117647058826, 35.294117647058826, 35.294117647058826, 35.294117647058826, 35.294117647058826, 35.294117647058826, 35.294117647058826, 35.294117647058826, 35.294117647058826, 35.294117647058826, 35.294117647058826, 35.294117647058826, 35.294117647058826, 35.294117647058826, 35.294117647058826, 35.294117647058826, 35.294117647058826, 35.294117647058826], u'User Experience Design')
[1, 1, 1, 1, 2, 3, 4, 4, 4, 7, 8, 9, 10, 11, 11, 11, 14, 15, 16, 17, 18, 18, 18, 21, 22, 23, 24, 25, 26, 25, 28]
([None, None, None, 29.41176470588235, 29.41176470588235, 29.41176470588235, 29.41176470588235, 29.41176470588235, 29.41176470588235, 29.41176470588235, 29.41176470588235, 29.41176470588235, 29.41176470588235, 29.41176470588235, 29.41176470588235, 29.41176470588235, 29.41176470588235, 29.41176470588235, 29.41176470588235, 29.41176470588235, 29.41176470588235, 29.41176470588235, 29.41176470588235, 29.41176470588235, 29.41176470588235, 29.41176470588235, 29.41176470588235, 29.41176470588235, 29.41176470588235, 29.41176470588235, 29.41176470588235], u'Front End')
[1, 1, 1, 1, 2, 3, 4, 4, 4, 7, 8, 9, 10, 11, 11, 11, 14, 15, 16, 17, 18, 18, 18, 21, 22, 23, 24, 25, 26, 25, 28]
([None, None, None, 29.41176470588235, 29.41176470588235, 29.41176470588235, 29.41176470588235, 29.41176470588235, 29.41176470588235, 29.41176470588235, 29.41176470588235, 29.41176470588235, 29.41176470588235, 29.41176470588235, 29.41176470588235, 29.41176470588235, 29.41176470588235, 29.41176470588235, 29.41176470588235, 29.41176470588235, 29.41176470588235, 29.41176470588235, 29.41176470588235, 29.41176470588235, 29.41176470588235, 29.41176470588235, 29.41176470588235, 29.41176470588235, 29.41176470588235, 29.41176470588235, 29.41176470588235], u'Ruby on Rails')
[1, 1, 1, 1, 2, 3, 4, 4, 4, 7, 8, 9, 10, 11, 11, 11, 14, 15, 16, 17, 18, 18, 18, 21, 22, 23, 24, 25, 26, 25, 28]
([None, None, None, 29.41176470588235, 29.41176470588235, 29.41176470588235, 29.41176470588235, 29.41176470588235, 29.41176470588235, 29.41176470588235, 29.41176470588235, 29.41176470588235, 29.41176470588235, 29.41176470588235, 29.41176470588235, 29.41176470588235, 29.41176470588235, 29.41176470588235, 29.41176470588235, 29.41176470588235, 29.41176470588235, 29.41176470588235, 29.41176470588235, 29.41176470588235, 29.41176470588235, 29.41176470588235, 29.41176470588235, 29.41176470588235, 29.41176470588235, 29.41176470588235, 29.41176470588235], u'iOS')
[1, 1, 1, 1, 2, 3, 4, 4, 4, 7, 8, 9, 10, 11, 11, 11, 14, 15, 16, 17, 18, 18, 18, 21, 22, 23, 24, 25, 26, 25, 28]
([None, None, None, 29.41176470588235, 29.41176470588235, 29.41176470588235, 29.41176470588235, 29.41176470588235, 29.41176470588235, 29.41176470588235, 29.41176470588235, 29.41176470588235, 29.41176470588235, 29.41176470588235, 29.41176470588235, 29.41176470588235, 29.41176470588235, 29.41176470588235, 29.41176470588235, 29.41176470588235, 29.41176470588235, 29.41176470588235, 29.41176470588235, 29.41176470588235, 29.41176470588235, 29.41176470588235, 29.41176470588235, 29.41176470588235, 29.41176470588235, 29.41176470588235, 29.41176470588235], u'Objective-C')
[1, 1, 1, 1, 2, 3, 4, 4, 4, 7, 8, 9, 10, 11, 11, 11, 14, 15, 16, 17, 18, 18, 18, 21, 22, 23, 24, 25, 26, 25, 28]
([None, None, None, 23.529411764705884, 23.529411764705884, 23.529411764705884, 23.529411764705884, 23.529411764705884, 23.529411764705884, 23.529411764705884, 23.529411764705884, 23.529411764705884, 23.529411764705884, 23.529411764705884, 23.529411764705884, 23.529411764705884, 23.529411764705884, 23.529411764705884, 23.529411764705884, 23.529411764705884, 23.529411764705884, 23.529411764705884, 23.529411764705884, 23.529411764705884, 23.529411764705884, 23.529411764705884, 23.529411764705884, 23.529411764705884, 23.529411764705884, 23.529411764705884, 23.529411764705884], u'Java')
[1, 1, 1, 1, 2, 3, 4, 4, 4, 7, 8, 9, 10, 11, 11, 11, 14, 15, 16, 17, 18, 18, 18, 21, 22, 23, 24, 25, 26, 25, 28]

Plot information for Locations (Dates: 2016-09-10 to 2016-10-10, Max Items: 12, Tracking Group: Potential Markets)
-------------------------------------------------------

([None, None, None, 47.05882352941177, 47.05882352941177, 47.05882352941177, 47.05882352941177, 47.05882352941177, 47.05882352941177, 47.05882352941177, 47.05882352941177, 47.05882352941177, 47.05882352941177, 47.05882352941177, 47.05882352941177, 47.05882352941177, 47.05882352941177, 47.05882352941177, 47.05882352941177, 47.05882352941177, 47.05882352941177, 47.05882352941177, 47.05882352941177, 47.05882352941177, 47.05882352941177, 47.05882352941177, 47.05882352941177, 47.05882352941177, 47.05882352941177, 47.05882352941177, 47.05882352941177], u'Toronto')
[1, 1, 1, 1, 2, 3, 4, 4, 4, 7, 8, 9, 10, 11, 11, 11, 14, 15, 16, 17, 18, 18, 18, 21, 22, 23, 24, 25, 26, 25, 28]
([None, None, None, 41.1764705882353, 41.1764705882353, 41.1764705882353, 41.1764705882353, 41.1764705882353, 41.1764705882353, 41.1764705882353, 41.1764705882353, 41.1764705882353, 41.1764705882353, 41.1764705882353, 41.1764705882353, 41.1764705882353, 41.1764705882353, 41.1764705882353, 41.1764705882353, 41.1764705882353, 41.1764705882353, 41.1764705882353, 41.1764705882353, 41.1764705882353, 41.1764705882353, 41.1764705882353, 41.1764705882353, 41.1764705882353, 41.1764705882353, 41.1764705882353, 41.1764705882353], u'Detroit')
[1, 1, 1, 1, 2, 3, 4, 4, 4, 7, 8, 9, 10, 11, 11, 11, 14, 15, 16, 17, 18, 18, 18, 21, 22, 23, 24, 25, 26, 25, 28]
([None, None, None, 17.647058823529413, 17.647058823529413, 17.647058823529413, 17.647058823529413, 17.647058823529413, 17.647058823529413, 17.647058823529413, 17.647058823529413, 17.647058823529413, 17.647058823529413, 17.647058823529413, 17.647058823529413, 17.647058823529413, 17.647058823529413, 17.647058823529413, 17.647058823529413, 17.647058823529413, 17.647058823529413, 17.647058823529413, 17.647058823529413, 17.647058823529413, 17.647058823529413, 17.647058823529413, 17.647058823529413, 17.647058823529413, 17.647058823529413, 17.647058823529413, 17.647058823529413], u'New York City')
[1, 1, 1, 1, 2, 3, 4, 4, 4, 7, 8, 9, 10, 11, 11, 11, 14, 15, 16, 17, 18, 18, 18, 21, 22, 23, 24, 25, 26, 25, 28]
([None, None, None, 17.647058823529413, 17.647058823529413, 17.647058823529413, 17.647058823529413, 17.647058823529413, 17.647058823529413, 17.647058823529413, 17.647058823529413, 17.647058823529413, 17.647058823529413, 17.647058823529413, 17.647058823529413, 17.647058823529413, 17.647058823529413, 17.647058823529413, 17.647058823529413, 17.647058823529413, 17.647058823529413, 17.647058823529413, 17.647058823529413, 17.647058823529413, 17.647058823529413, 17.647058823529413, 17.647058823529413, 17.647058823529413, 17.647058823529413, 17.647058823529413, 17.647058823529413], u'Austin')
[1, 1, 1, 1, 2, 3, 4, 4, 4, 7, 8, 9, 10, 11, 11, 11, 14, 15, 16, 17, 18, 18, 18, 21, 22, 23, 24, 25, 26, 25, 28]
([None, None, None, 17.647058823529413, 17.647058823529413, 17.647058823529413, 17.647058823529413, 17.647058823529413, 17.647058823529413, 17.647058823529413, 17.647058823529413, 17.647058823529413, 17.647058823529413, 17.647058823529413, 17.647058823529413, 17.647058823529413, 17.647058823529413, 17.647058823529413, 17.647058823529413, 17.647058823529413, 17.647058823529413, 17.647058823529413, 17.647058823529413, 17.647058823529413, 17.647058823529413, 17.647058823529413, 17.647058823529413, 17.647058823529413, 17.647058823529413, 17.647058823529413, 17.647058823529413], u'Vancouver')
[1, 1, 1, 1, 2, 3, 4, 4, 4, 7, 8, 9, 10, 11, 11, 11, 14, 15, 16, 17, 18, 18, 18, 21, 22, 23, 24, 25, 26, 25, 28]
([None, None, None, 17.647058823529413, 17.647058823529413, 17.647058823529413, 17.647058823529413, 17.647058823529413, 17.647058823529413, 17.647058823529413, 17.647058823529413, 17.647058823529413, 17.647058823529413, 17.647058823529413, 17.647058823529413, 17.647058823529413, 17.647058823529413, 17.647058823529413, 17.647058823529413, 17.647058823529413, 17.647058823529413, 17.647058823529413, 17.647058823529413, 17.647058823529413, 17.647058823529413, 17.647058823529413, 17.647058823529413, 17.647058823529413, 17.647058823529413, 17.647058823529413, 17.647058823529413], u'Cincinnati')
[1, 1, 1, 1, 2, 3, 4, 4, 4, 7, 8, 9, 10, 11, 11, 11, 14, 15, 16, 17, 18, 18, 18, 21, 22, 23, 24, 25, 26, 25, 28]
([None, None, None, 11.764705882352942, 11.764705882352942, 11.764705882352942, 11.764705882352942, 11.764705882352942, 11.764705882352942, 11.764705882352942, 11.764705882352942, 11.764705882352942, 11.764705882352942, 11.764705882352942, 11.764705882352942, 11.764705882352942, 11.764705882352942, 11.764705882352942, 11.764705882352942, 11.764705882352942, 11.764705882352942, 11.764705882352942, 11.764705882352942, 11.764705882352942, 11.764705882352942, 11.764705882352942, 11.764705882352942, 11.764705882352942, 11.764705882352942, 11.764705882352942, 11.764705882352942], u'Chicago')
[1, 1, 1, 1, 2, 3, 4, 4, 4, 7, 8, 9, 10, 11, 11, 11, 14, 15, 16, 17, 18, 18, 18, 21, 22, 23, 24, 25, 26, 25, 28]
([None, None, None, 11.764705882352942, 11.764705882352942, 11.764705882352942, 11.764705882352942, 11.764705882352942, 11.764705882352942, 11.764705882352942, 11.764705882352942, 11.764705882352942, 11.764705882352942, 11.764705882352942, 11.764705882352942, 11.764705882352942, 11.764705882352942, 11.764705882352942, 11.764705882352942, 11.764705882352942, 11.764705882352942, 11.764705882352942, 11.764705882352942, 11.764705882352942, 11.764705882352942, 11.764705882352942, 11.764705882352942, 11.764705882352942, 11.764705882352942, 11.764705882352942, 11.764705882352942], u'Indianapolis')
[1, 1, 1, 1, 2, 3, 4, 4, 4, 7, 8, 9, 10, 11, 11, 11, 14, 15, 16, 17, 18, 18, 18, 21, 22, 23, 24, 25, 26, 25, 28]
([None, None, None, 11.764705882352942, 11.764705882352942, 11.764705882352942, 11.764705882352942, 11.764705882352942, 11.764705882352942, 11.764705882352942, 11.764705882352942, 11.764705882352942, 11.764705882352942, 11.764705882352942, 11.764705882352942, 11.764705882352942, 11.764705882352942, 11.764705882352942, 11.764705882352942, 11.764705882352942, 11.764705882352942, 11.764705882352942, 11.764705882352942, 11.764705882352942, 11.764705882352942, 11.764705882352942, 11.764705882352942, 11.764705882352942, 11.764705882352942, 11.764705882352942, 11.764705882352942], u'Pittsburgh')
[1, 1, 1, 1, 2, 3, 4, 4, 4, 7, 8, 9, 10, 11, 11, 11, 14, 15, 16, 17, 18, 18, 18, 21, 22, 23, 24, 25, 26, 25, 28]
([None, None, None, 11.764705882352942, 11.764705882352942, 11.764705882352942, 11.764705882352942, 11.764705882352942, 11.764705882352942, 11.764705882352942, 11.764705882352942, 11.764705882352942, 11.764705882352942, 11.764705882352942, 11.764705882352942, 11.764705882352942, 11.764705882352942, 11.764705882352942, 11.764705882352942, 11.764705882352942, 11.764705882352942, 11.764705882352942, 11.764705882352942, 11.764705882352942, 11.764705882352942, 11.764705882352942, 11.764705882352942, 11.764705882352942, 11.764705882352942, 11.764705882352942, 11.764705882352942], u'Dallas')
[1, 1, 1, 1, 2, 3, 4, 4, 4, 7, 8, 9, 10, 11, 11, 11, 14, 15, 16, 17, 18, 18, 18, 21, 22, 23, 24, 25, 26, 25, 28]
([None, None, None, 11.764705882352942, 11.764705882352942, 11.764705882352942, 11.764705882352942, 11.764705882352942, 11.764705882352942, 11.764705882352942, 11.764705882352942, 11.764705882352942, 11.764705882352942, 11.764705882352942, 11.764705882352942, 11.764705882352942, 11.764705882352942, 11.764705882352942, 11.764705882352942, 11.764705882352942, 11.764705882352942, 11.764705882352942, 11.764705882352942, 11.764705882352942, 11.764705882352942, 11.764705882352942, 11.764705882352942, 11.764705882352942, 11.764705882352942, 11.764705882352942, 11.764705882352942], u'Salt Lake City')
[1, 1, 1, 1, 2, 3, 4, 4, 4, 7, 8, 9, 10, 11, 11, 11, 14, 15, 16, 17, 18, 18, 18, 21, 22, 23, 24, 25, 26, 25, 28]
([None, None, None, 11.764705882352942, 11.764705882352942, 11.764705882352942, 11.764705882352942, 11.764705882352942, 11.764705882352942, 11.764705882352942, 11.764705882352942, 11.764705882352942, 11.764705882352942, 11.764705882352942, 11.764705882352942, 11.764705882352942, 11.764705882352942, 11.764705882352942, 11.764705882352942, 11.764705882352942, 11.764705882352942, 11.764705882352942, 11.764705882352942, 11.764705882352942, 11.764705882352942, 11.764705882352942, 11.764705882352942, 11.764705882352942, 11.764705882352942, 11.764705882352942, 11.764705882352942], u'Atlanta')
[1, 1, 1, 1, 2, 3, 4, 4, 4, 7, 8, 9, 10, 11, 11, 11, 14, 15, 16, 17, 18, 18, 18, 21, 22, 23, 24, 25, 26, 25, 28]

