Plot information for Technologies (Dates: 2016-09-17 to 2016-10-17, Max Items: 12)
-------------------------------------------------------

([61.298701298701296, 61.298701298701296, 61.298701298701296, 61.13989637305699, 60.98191214470284, 60.880829015544045, 60.77922077922078, 60.77922077922078, 60.77922077922078, 60.46511627906977, 60.76923076923077, 60.76923076923077, 60.76923076923077, 60.45918367346939, 60.45918367346939, 60.45918367346939, 60.65989847715736, 60.65989847715736, 60.50632911392405, 60.50632911392405, 60.45340050377834, 60.552763819095475, 60.45340050377834, 60.552763819095475, 60.65162907268171, 60.09852216748769, 60.3448275862069, 60.3448275862069, 60.3448275862069, 60.3448275862069, 60.3448275862069], u'JavaScript')
[4, 4, 7, 8, 9, 10, 11, 11, 11, 14, 15, 16, 17, 18, 18, 18, 21, 22, 23, 24, 25, 26, 25, 28, 29, 30, 31, 32, 33, 32, 35]
([59.74025974025974, 59.74025974025974, 59.74025974025974, 59.84455958549223, 59.94832041343669, 59.84455958549223, 59.74025974025974, 59.74025974025974, 59.74025974025974, 59.43152454780362, 59.48717948717949, 59.48717948717949, 59.48717948717949, 59.69387755102041, 59.69387755102041, 59.69387755102041, 59.898477157360404, 59.898477157360404, 59.74683544303797, 59.74683544303797, 59.69773299748111, 59.79899497487437, 59.69773299748111, 59.79899497487437, 59.64912280701754, 59.11330049261084, 59.11330049261084, 59.11330049261084, 59.11330049261084, 59.11330049261084, 59.11330049261084], u'HTML')
[4, 4, 7, 8, 9, 10, 11, 11, 11, 14, 15, 16, 17, 18, 18, 18, 21, 22, 23, 24, 25, 26, 25, 28, 29, 30, 31, 32, 33, 32, 35]
([58.701298701298704, 58.701298701298704, 58.701298701298704, 58.80829015544042, 58.91472868217054, 58.80829015544042, 58.701298701298704, 58.701298701298704, 58.701298701298704, 58.656330749354005, 58.46153846153846, 58.46153846153846, 58.46153846153846, 58.673469387755105, 58.673469387755105, 58.673469387755105, 58.88324873096447, 58.88324873096447, 58.734177215189874, 58.734177215189874, 58.69017632241814, 58.79396984924623, 58.69017632241814, 58.79396984924623, 58.64661654135338, 58.12807881773399, 58.12807881773399, 58.12807881773399, 58.12807881773399, 58.12807881773399, 58.12807881773399], u'CSS')
[4, 4, 7, 8, 9, 10, 11, 11, 11, 14, 15, 16, 17, 18, 18, 18, 21, 22, 23, 24, 25, 26, 25, 28, 29, 30, 31, 32, 33, 32, 35]
([38.44155844155844, 38.44155844155844, 38.44155844155844, 38.601036269430054, 38.75968992248062, 38.86010362694301, 38.701298701298704, 38.701298701298704, 38.701298701298704, 38.50129198966408, 38.46153846153846, 38.46153846153846, 38.46153846153846, 38.52040816326531, 38.52040816326531, 38.52040816326531, 38.83248730964467, 38.83248730964467, 38.734177215189874, 38.734177215189874, 38.79093198992443, 38.69346733668342, 38.79093198992443, 38.69346733668342, 38.59649122807018, 38.423645320197046, 38.669950738916256, 38.669950738916256, 38.669950738916256, 38.669950738916256, 38.669950738916256], u'jQuery')
[4, 4, 7, 8, 9, 10, 11, 11, 11, 14, 15, 16, 17, 18, 18, 18, 21, 22, 23, 24, 25, 26, 25, 28, 29, 30, 31, 32, 33, 32, 35]
([37.142857142857146, 37.142857142857146, 37.4025974025974, 37.30569948186528, 37.46770025839793, 37.30569948186528, 37.4025974025974, 37.4025974025974, 37.4025974025974, 37.46770025839793, 37.69230769230769, 37.69230769230769, 37.94871794871795, 37.755102040816325, 37.755102040816325, 37.755102040816325, 38.07106598984772, 38.07106598984772, 37.9746835443038, 37.9746835443038, 37.78337531486146, 37.688442211055275, 37.78337531486146, 37.688442211055275, 37.59398496240601, 37.19211822660098, 37.4384236453202, 37.4384236453202, 37.4384236453202, 37.4384236453202, 37.4384236453202], u'Git')
[4, 4, 7, 8, 9, 10, 11, 11, 11, 14, 15, 16, 17, 18, 18, 18, 21, 22, 23, 24, 25, 26, 25, 28, 29, 30, 31, 32, 33, 32, 35]
([30.649350649350648, 30.649350649350648, 30.649350649350648, 30.569948186528496, 30.74935400516796, 31.088082901554404, 31.16883116883117, 31.16883116883117, 31.16883116883117, 31.007751937984494, 31.28205128205128, 31.28205128205128, 31.28205128205128, 31.122448979591837, 31.122448979591837, 31.122448979591837, 31.472081218274113, 31.472081218274113, 31.139240506329113, 31.139240506329113, 30.730478589420656, 30.65326633165829, 30.730478589420656, 30.65326633165829, 30.576441102756892, 30.295566502463053, 30.788177339901477, 30.788177339901477, 30.788177339901477, 30.788177339901477, 30.788177339901477], u'SQL')
[4, 4, 7, 8, 9, 10, 11, 11, 11, 14, 15, 16, 17, 18, 18, 18, 21, 22, 23, 24, 25, 26, 25, 28, 29, 30, 31, 32, 33, 32, 35]
([26.493506493506494, 26.493506493506494, 26.493506493506494, 26.424870466321245, 26.098191214470283, 26.16580310880829, 25.974025974025974, 25.974025974025974, 25.974025974025974, 25.839793281653748, 25.641025641025642, 25.641025641025642, 25.641025641025642, 25.76530612244898, 25.76530612244898, 25.76530612244898, 25.888324873096447, 25.888324873096447, 25.82278481012658, 25.82278481012658, 25.692695214105793, 25.628140703517587, 25.692695214105793, 25.628140703517587, 25.56390977443609, 25.123152709359605, 25.123152709359605, 25.123152709359605, 25.123152709359605, 25.123152709359605, 25.123152709359605], u'Ruby on Rails')
[4, 4, 7, 8, 9, 10, 11, 11, 11, 14, 15, 16, 17, 18, 18, 18, 21, 22, 23, 24, 25, 26, 25, 28, 29, 30, 31, 32, 33, 32, 35]
([24.935064935064936, 24.935064935064936, 24.935064935064936, 24.870466321243523, 24.8062015503876, 24.870466321243523, 24.675324675324674, 24.675324675324674, 24.675324675324674, 24.54780361757106, 24.615384615384617, 24.615384615384617, 24.871794871794872, 24.744897959183675, 24.744897959183675, 24.744897959183675, 25.126903553299492, 25.126903553299492, 25.063291139240505, 25.063291139240505, 24.937027707808564, 24.87437185929648, 24.937027707808564, 24.87437185929648, 24.81203007518797, 24.63054187192118, 24.876847290640395, 24.876847290640395, 24.876847290640395, 24.876847290640395, 24.876847290640395], u'AngularJS')
[4, 4, 7, 8, 9, 10, 11, 11, 11, 14, 15, 16, 17, 18, 18, 18, 21, 22, 23, 24, 25, 26, 25, 28, 29, 30, 31, 32, 33, 32, 35]
([24.415584415584416, 24.415584415584416, 24.415584415584416, 24.61139896373057, 24.8062015503876, 24.870466321243523, 24.675324675324674, 24.675324675324674, 24.675324675324674, 24.54780361757106, 24.615384615384617, 24.615384615384617, 24.615384615384617, 24.744897959183675, 24.744897959183675, 24.744897959183675, 25.126903553299492, 25.126903553299492, 25.063291139240505, 25.063291139240505, 24.937027707808564, 24.87437185929648, 24.937027707808564, 24.87437185929648, 24.81203007518797, 24.63054187192118, 24.63054187192118, 24.63054187192118, 24.63054187192118, 24.63054187192118, 24.63054187192118], u'Node.js')
[4, 4, 7, 8, 9, 10, 11, 11, 11, 14, 15, 16, 17, 18, 18, 18, 21, 22, 23, 24, 25, 26, 25, 28, 29, 30, 31, 32, 33, 32, 35]
([22.5974025974026, 22.5974025974026, 22.5974025974026, 22.797927461139896, 22.997416020671835, 23.05699481865285, 22.857142857142858, 22.857142857142858, 22.857142857142858, 22.739018087855296, 22.564102564102566, 22.564102564102566, 22.564102564102566, 22.448979591836736, 22.448979591836736, 22.448979591836736, 22.588832487309645, 22.588832487309645, 22.531645569620252, 22.27848101265823, 22.16624685138539, 22.36180904522613, 22.16624685138539, 22.36180904522613, 22.305764411027567, 22.167487684729064, 22.413793103448278, 22.413793103448278, 22.413793103448278, 22.413793103448278, 22.413793103448278], u'Front End')
[4, 4, 7, 8, 9, 10, 11, 11, 11, 14, 15, 16, 17, 18, 18, 18, 21, 22, 23, 24, 25, 26, 25, 28, 29, 30, 31, 32, 33, 32, 35]
([22.857142857142858, 22.857142857142858, 22.857142857142858, 22.797927461139896, 22.48062015503876, 22.53886010362694, 22.5974025974026, 22.5974025974026, 22.5974025974026, 22.48062015503876, 22.307692307692307, 22.307692307692307, 22.307692307692307, 22.448979591836736, 22.448979591836736, 22.448979591836736, 22.588832487309645, 22.588832487309645, 22.531645569620252, 22.531645569620252, 22.418136020151135, 22.36180904522613, 22.418136020151135, 22.36180904522613, 22.305764411027567, 21.92118226600985, 21.92118226600985, 21.92118226600985, 21.92118226600985, 21.92118226600985, 21.92118226600985], u'Ruby')
[4, 4, 7, 8, 9, 10, 11, 11, 11, 14, 15, 16, 17, 18, 18, 18, 21, 22, 23, 24, 25, 26, 25, 28, 29, 30, 31, 32, 33, 32, 35]
([18.441558441558442, 18.441558441558442, 18.441558441558442, 18.65284974093264, 18.6046511627907, 18.911917098445596, 18.961038961038962, 18.961038961038962, 18.961038961038962, 18.863049095607234, 19.743589743589745, 19.743589743589745, 20.0, 19.897959183673468, 19.897959183673468, 19.897959183673468, 20.304568527918782, 20.304568527918782, 20.253164556962027, 20.253164556962027, 20.151133501259444, 20.100502512562816, 20.151133501259444, 20.100502512562816, 20.050125313283207, 19.950738916256157, 20.44334975369458, 20.44334975369458, 20.44334975369458, 20.44334975369458, 20.44334975369458], u'MongoDB')
[4, 4, 7, 8, 9, 10, 11, 11, 11, 14, 15, 16, 17, 18, 18, 18, 21, 22, 23, 24, 25, 26, 25, 28, 29, 30, 31, 32, 33, 32, 35]

Plot information for Locations (Dates: 2016-09-17 to 2016-10-17, Max Items: 12)
-------------------------------------------------------

([14.285714285714286, 14.285714285714286, 14.285714285714286, 14.248704663212436, 14.21188630490956, 14.248704663212436, 14.285714285714286, 14.285714285714286, 14.285714285714286, 14.21188630490956, 14.102564102564102, 14.102564102564102, 14.102564102564102, 14.285714285714286, 14.285714285714286, 14.285714285714286, 14.213197969543147, 14.213197969543147, 14.177215189873417, 14.177215189873417, 14.105793450881611, 14.07035175879397, 14.105793450881611, 14.07035175879397, 14.035087719298245, 13.793103448275861, 13.793103448275861, 13.793103448275861, 13.793103448275861, 13.793103448275861, 13.793103448275861], u'Online')
[4, 4, 7, 8, 9, 10, 11, 11, 11, 14, 15, 16, 17, 18, 18, 18, 21, 22, 23, 24, 25, 26, 25, 28, 29, 30, 31, 32, 33, 32, 35]
([10.909090909090908, 10.909090909090908, 10.909090909090908, 10.880829015544041, 10.852713178294573, 10.880829015544041, 10.64935064935065, 10.64935064935065, 10.64935064935065, 10.594315245478036, 10.512820512820513, 10.512820512820513, 10.512820512820513, 10.459183673469388, 10.459183673469388, 10.459183673469388, 10.65989847715736, 10.65989847715736, 10.632911392405063, 10.886075949367088, 10.831234256926953, 10.804020100502512, 10.831234256926953, 10.804020100502512, 10.776942355889725, 10.591133004926109, 10.591133004926109, 10.591133004926109, 10.591133004926109, 10.591133004926109, 10.591133004926109], u'New York City')
[4, 4, 7, 8, 9, 10, 11, 11, 11, 14, 15, 16, 17, 18, 18, 18, 21, 22, 23, 24, 25, 26, 25, 28, 29, 30, 31, 32, 33, 32, 35]
([9.61038961038961, 9.61038961038961, 9.35064935064935, 9.32642487046632, 9.30232558139535, 9.32642487046632, 9.35064935064935, 9.35064935064935, 9.35064935064935, 9.30232558139535, 9.23076923076923, 9.23076923076923, 9.23076923076923, 9.183673469387756, 9.183673469387756, 9.183673469387756, 9.137055837563452, 9.137055837563452, 9.113924050632912, 9.113924050632912, 9.06801007556675, 9.045226130653266, 9.06801007556675, 9.045226130653266, 9.022556390977444, 8.866995073891626, 8.866995073891626, 8.866995073891626, 8.866995073891626, 8.866995073891626, 8.866995073891626], u'San Francisco')
[4, 4, 7, 8, 9, 10, 11, 11, 11, 14, 15, 16, 17, 18, 18, 18, 21, 22, 23, 24, 25, 26, 25, 28, 29, 30, 31, 32, 33, 32, 35]
([5.974025974025974, 5.974025974025974, 5.974025974025974, 5.958549222797927, 6.2015503875969, 6.217616580310881, 5.974025974025974, 5.974025974025974, 5.974025974025974, 5.943152454780361, 5.897435897435898, 5.897435897435898, 5.897435897435898, 5.86734693877551, 5.86734693877551, 5.86734693877551, 5.83756345177665, 5.83756345177665, 5.822784810126582, 5.822784810126582, 5.793450881612091, 5.778894472361809, 5.793450881612091, 5.778894472361809, 5.764411027568922, 5.665024630541872, 5.665024630541872, 5.665024630541872, 5.665024630541872, 5.665024630541872, 5.665024630541872], u'Los Angeles')
[4, 4, 7, 8, 9, 10, 11, 11, 11, 14, 15, 16, 17, 18, 18, 18, 21, 22, 23, 24, 25, 26, 25, 28, 29, 30, 31, 32, 33, 32, 35]
([5.454545454545454, 5.454545454545454, 5.454545454545454, 5.4404145077720205, 5.684754521963824, 5.699481865284974, 5.714285714285714, 5.714285714285714, 5.714285714285714, 5.684754521963824, 5.641025641025641, 5.641025641025641, 5.641025641025641, 5.612244897959184, 5.612244897959184, 5.612244897959184, 5.583756345177665, 5.583756345177665, 5.569620253164557, 5.569620253164557, 5.541561712846348, 5.527638190954774, 5.541561712846348, 5.527638190954774, 5.513784461152882, 5.41871921182266, 5.41871921182266, 5.41871921182266, 5.41871921182266, 5.41871921182266, 5.41871921182266], u'Chicago')
[4, 4, 7, 8, 9, 10, 11, 11, 11, 14, 15, 16, 17, 18, 18, 18, 21, 22, 23, 24, 25, 26, 25, 28, 29, 30, 31, 32, 33, 32, 35]
([4.415584415584416, 4.415584415584416, 4.415584415584416, 4.404145077720207, 4.392764857881137, 4.404145077720207, 4.415584415584416, 4.415584415584416, 4.415584415584416, 4.392764857881137, 4.358974358974359, 4.358974358974359, 4.358974358974359, 4.336734693877551, 4.336734693877551, 4.336734693877551, 4.314720812182741, 4.314720812182741, 4.30379746835443, 4.30379746835443, 4.282115869017632, 4.271356783919598, 4.282115869017632, 4.271356783919598, 4.511278195488722, 4.433497536945813, 4.433497536945813, 4.433497536945813, 4.433497536945813, 4.433497536945813, 4.433497536945813], u'Seattle')
[4, 4, 7, 8, 9, 10, 11, 11, 11, 14, 15, 16, 17, 18, 18, 18, 21, 22, 23, 24, 25, 26, 25, 28, 29, 30, 31, 32, 33, 32, 35]
([4.415584415584416, 4.415584415584416, 4.415584415584416, 4.404145077720207, 4.392764857881137, 4.404145077720207, 4.415584415584416, 4.415584415584416, 4.415584415584416, 4.392764857881137, 4.358974358974359, 4.358974358974359, 4.358974358974359, 4.336734693877551, 4.336734693877551, 4.336734693877551, 4.314720812182741, 4.314720812182741, 4.30379746835443, 4.30379746835443, 4.282115869017632, 4.271356783919598, 4.282115869017632, 4.271356783919598, 4.260651629072682, 4.433497536945813, 4.433497536945813, 4.433497536945813, 4.433497536945813, 4.433497536945813, 4.433497536945813], u'Austin')
[4, 4, 7, 8, 9, 10, 11, 11, 11, 14, 15, 16, 17, 18, 18, 18, 21, 22, 23, 24, 25, 26, 25, 28, 29, 30, 31, 32, 33, 32, 35]
([4.415584415584416, 4.415584415584416, 4.415584415584416, 4.404145077720207, 4.392764857881137, 4.404145077720207, 4.415584415584416, 4.415584415584416, 4.415584415584416, 4.392764857881137, 4.102564102564102, 4.102564102564102, 4.102564102564102, 4.081632653061225, 4.081632653061225, 4.081632653061225, 4.060913705583756, 4.060913705583756, 4.050632911392405, 4.050632911392405, 3.7783375314861463, 3.7688442211055277, 3.7783375314861463, 3.7688442211055277, 3.7593984962406015, 3.9408866995073892, 3.9408866995073892, 3.9408866995073892, 3.9408866995073892, 3.9408866995073892, 3.9408866995073892], u'London')
[4, 4, 7, 8, 9, 10, 11, 11, 11, 14, 15, 16, 17, 18, 18, 18, 21, 22, 23, 24, 25, 26, 25, 28, 29, 30, 31, 32, 33, 32, 35]
([3.6363636363636362, 3.6363636363636362, 3.6363636363636362, 3.626943005181347, 3.6175710594315245, 3.626943005181347, 3.6363636363636362, 3.6363636363636362, 3.6363636363636362, 3.6175710594315245, 3.58974358974359, 3.58974358974359, 3.58974358974359, 3.5714285714285716, 3.5714285714285716, 3.5714285714285716, 3.553299492385787, 3.553299492385787, 3.5443037974683542, 3.5443037974683542, 3.7783375314861463, 3.7688442211055277, 3.7783375314861463, 3.7688442211055277, 3.7593984962406015, 3.6945812807881775, 3.6945812807881775, 3.6945812807881775, 3.6945812807881775, 3.6945812807881775, 3.6945812807881775], u'Denver')
[4, 4, 7, 8, 9, 10, 11, 11, 11, 14, 15, 16, 17, 18, 18, 18, 21, 22, 23, 24, 25, 26, 25, 28, 29, 30, 31, 32, 33, 32, 35]
([3.116883116883117, 3.116883116883117, 3.116883116883117, 3.1088082901554404, 3.10077519379845, 3.1088082901554404, 3.116883116883117, 3.116883116883117, 3.116883116883117, 3.10077519379845, 3.076923076923077, 3.076923076923077, 3.076923076923077, 3.061224489795918, 3.061224489795918, 3.061224489795918, 3.045685279187817, 3.045685279187817, 3.037974683544304, 3.037974683544304, 3.022670025188917, 3.0150753768844223, 3.022670025188917, 3.0150753768844223, 3.2581453634085213, 3.2019704433497536, 3.2019704433497536, 3.2019704433497536, 3.2019704433497536, 3.2019704433497536, 3.2019704433497536], u'Atlanta')
[4, 4, 7, 8, 9, 10, 11, 11, 11, 14, 15, 16, 17, 18, 18, 18, 21, 22, 23, 24, 25, 26, 25, 28, 29, 30, 31, 32, 33, 32, 35]
([2.857142857142857, 2.857142857142857, 2.857142857142857, 2.849740932642487, 2.842377260981912, 2.849740932642487, 2.857142857142857, 2.857142857142857, 2.857142857142857, 2.842377260981912, 2.8205128205128207, 2.8205128205128207, 2.8205128205128207, 2.806122448979592, 2.806122448979592, 2.806122448979592, 2.7918781725888326, 2.7918781725888326, 2.7848101265822787, 2.7848101265822787, 2.770780856423174, 2.763819095477387, 2.770780856423174, 2.763819095477387, 2.756892230576441, 2.70935960591133, 2.955665024630542, 2.955665024630542, 2.955665024630542, 2.955665024630542, 2.955665024630542], u'Boston')
[4, 4, 7, 8, 9, 10, 11, 11, 11, 14, 15, 16, 17, 18, 18, 18, 21, 22, 23, 24, 25, 26, 25, 28, 29, 30, 31, 32, 33, 32, 35]
([3.3766233766233764, 3.3766233766233764, 3.3766233766233764, 3.3678756476683938, 3.359173126614987, 3.3678756476683938, 3.116883116883117, 3.116883116883117, 3.116883116883117, 3.10077519379845, 3.3333333333333335, 3.076923076923077, 3.076923076923077, 3.061224489795918, 3.061224489795918, 3.061224489795918, 3.045685279187817, 3.045685279187817, 3.037974683544304, 3.037974683544304, 3.022670025188917, 3.0150753768844223, 3.022670025188917, 3.0150753768844223, 3.007518796992481, 2.955665024630542, 2.955665024630542, 2.955665024630542, 2.955665024630542, 2.955665024630542, 2.955665024630542], u'Dallas')
[4, 4, 7, 8, 9, 10, 11, 11, 11, 14, 15, 16, 17, 18, 18, 18, 21, 22, 23, 24, 25, 26, 25, 28, 29, 30, 31, 32, 33, 32, 35]

Plot information for Technologies (Dates: 2016-09-17 to 2016-10-17, Max Items: 12, Tracking Group: Selected Camp)
-------------------------------------------------------

([98.07692307692308, 98.07692307692308, 98.07692307692308, 98.07692307692308, 98.07692307692308, 98.07692307692308, 98.07692307692308, 98.07692307692308, 98.07692307692308, 98.07692307692308, 96.15384615384616, 96.15384615384616, 96.15384615384616, 98.07692307692308, 98.07692307692308, 98.07692307692308, 98.07692307692308, 98.07692307692308, 98.07692307692308, 98.07692307692308, 98.07692307692308, 98.07692307692308, 98.07692307692308, 98.07692307692308, 98.07692307692308, 98.07692307692308, 98.07692307692308, 98.07692307692308, 98.07692307692308, 98.07692307692308, 98.07692307692308], u'HTML')
[4, 4, 7, 8, 9, 10, 11, 11, 11, 14, 15, 16, 17, 18, 18, 18, 21, 22, 23, 24, 25, 26, 25, 28, 29, 30, 31, 32, 33, 32, 35]
([98.07692307692308, 98.07692307692308, 98.07692307692308, 98.07692307692308, 98.07692307692308, 98.07692307692308, 98.07692307692308, 98.07692307692308, 98.07692307692308, 98.07692307692308, 96.15384615384616, 96.15384615384616, 96.15384615384616, 98.07692307692308, 98.07692307692308, 98.07692307692308, 98.07692307692308, 98.07692307692308, 98.07692307692308, 98.07692307692308, 98.07692307692308, 98.07692307692308, 98.07692307692308, 98.07692307692308, 98.07692307692308, 98.07692307692308, 98.07692307692308, 98.07692307692308, 98.07692307692308, 98.07692307692308, 98.07692307692308], u'CSS')
[4, 4, 7, 8, 9, 10, 11, 11, 11, 14, 15, 16, 17, 18, 18, 18, 21, 22, 23, 24, 25, 26, 25, 28, 29, 30, 31, 32, 33, 32, 35]
([96.15384615384616, 96.15384615384616, 96.15384615384616, 96.15384615384616, 96.15384615384616, 96.15384615384616, 96.15384615384616, 96.15384615384616, 96.15384615384616, 96.15384615384616, 96.15384615384616, 96.15384615384616, 96.15384615384616, 96.15384615384616, 96.15384615384616, 96.15384615384616, 96.15384615384616, 96.15384615384616, 96.15384615384616, 96.15384615384616, 96.15384615384616, 96.15384615384616, 96.15384615384616, 96.15384615384616, 96.15384615384616, 96.15384615384616, 96.15384615384616, 96.15384615384616, 96.15384615384616, 96.15384615384616, 96.15384615384616], u'JavaScript')
[4, 4, 7, 8, 9, 10, 11, 11, 11, 14, 15, 16, 17, 18, 18, 18, 21, 22, 23, 24, 25, 26, 25, 28, 29, 30, 31, 32, 33, 32, 35]
([75.0, 75.0, 75.0, 75.0, 75.0, 75.0, 75.0, 75.0, 75.0, 75.0, 76.92307692307692, 76.92307692307692, 76.92307692307692, 76.92307692307692, 76.92307692307692, 76.92307692307692, 76.92307692307692, 76.92307692307692, 76.92307692307692, 76.92307692307692, 76.92307692307692, 76.92307692307692, 76.92307692307692, 76.92307692307692, 76.92307692307692, 76.92307692307692, 76.92307692307692, 76.92307692307692, 76.92307692307692, 76.92307692307692, 76.92307692307692], u'Git')
[4, 4, 7, 8, 9, 10, 11, 11, 11, 14, 15, 16, 17, 18, 18, 18, 21, 22, 23, 24, 25, 26, 25, 28, 29, 30, 31, 32, 33, 32, 35]
([69.23076923076923, 69.23076923076923, 69.23076923076923, 69.23076923076923, 69.23076923076923, 69.23076923076923, 69.23076923076923, 69.23076923076923, 69.23076923076923, 69.23076923076923, 71.15384615384616, 71.15384615384616, 71.15384615384616, 71.15384615384616, 71.15384615384616, 71.15384615384616, 71.15384615384616, 71.15384615384616, 71.15384615384616, 71.15384615384616, 73.07692307692308, 73.07692307692308, 73.07692307692308, 73.07692307692308, 73.07692307692308, 73.07692307692308, 73.07692307692308, 73.07692307692308, 73.07692307692308, 73.07692307692308, 73.07692307692308], u'jQuery')
[4, 4, 7, 8, 9, 10, 11, 11, 11, 14, 15, 16, 17, 18, 18, 18, 21, 22, 23, 24, 25, 26, 25, 28, 29, 30, 31, 32, 33, 32, 35]
([67.3076923076923, 67.3076923076923, 67.3076923076923, 67.3076923076923, 67.3076923076923, 67.3076923076923, 67.3076923076923, 67.3076923076923, 67.3076923076923, 67.3076923076923, 69.23076923076923, 69.23076923076923, 69.23076923076923, 69.23076923076923, 69.23076923076923, 69.23076923076923, 69.23076923076923, 69.23076923076923, 69.23076923076923, 69.23076923076923, 67.3076923076923, 67.3076923076923, 67.3076923076923, 67.3076923076923, 67.3076923076923, 67.3076923076923, 67.3076923076923, 67.3076923076923, 67.3076923076923, 67.3076923076923, 67.3076923076923], u'SQL')
[4, 4, 7, 8, 9, 10, 11, 11, 11, 14, 15, 16, 17, 18, 18, 18, 21, 22, 23, 24, 25, 26, 25, 28, 29, 30, 31, 32, 33, 32, 35]
([53.84615384615385, 53.84615384615385, 53.84615384615385, 53.84615384615385, 53.84615384615385, 53.84615384615385, 53.84615384615385, 53.84615384615385, 53.84615384615385, 53.84615384615385, 53.84615384615385, 53.84615384615385, 53.84615384615385, 53.84615384615385, 53.84615384615385, 53.84615384615385, 53.84615384615385, 53.84615384615385, 53.84615384615385, 53.84615384615385, 53.84615384615385, 53.84615384615385, 53.84615384615385, 53.84615384615385, 53.84615384615385, 53.84615384615385, 53.84615384615385, 53.84615384615385, 53.84615384615385, 53.84615384615385, 53.84615384615385], u'Node.js')
[4, 4, 7, 8, 9, 10, 11, 11, 11, 14, 15, 16, 17, 18, 18, 18, 21, 22, 23, 24, 25, 26, 25, 28, 29, 30, 31, 32, 33, 32, 35]
([50.0, 50.0, 50.0, 50.0, 50.0, 50.0, 50.0, 50.0, 50.0, 50.0, 50.0, 50.0, 50.0, 50.0, 50.0, 50.0, 50.0, 50.0, 50.0, 50.0, 50.0, 50.0, 50.0, 50.0, 50.0, 50.0, 50.0, 50.0, 50.0, 50.0, 50.0], u'AngularJS')
[4, 4, 7, 8, 9, 10, 11, 11, 11, 14, 15, 16, 17, 18, 18, 18, 21, 22, 23, 24, 25, 26, 25, 28, 29, 30, 31, 32, 33, 32, 35]
([48.07692307692308, 48.07692307692308, 48.07692307692308, 48.07692307692308, 48.07692307692308, 48.07692307692308, 48.07692307692308, 48.07692307692308, 48.07692307692308, 48.07692307692308, 48.07692307692308, 48.07692307692308, 48.07692307692308, 48.07692307692308, 48.07692307692308, 48.07692307692308, 48.07692307692308, 48.07692307692308, 48.07692307692308, 48.07692307692308, 48.07692307692308, 48.07692307692308, 48.07692307692308, 48.07692307692308, 48.07692307692308, 48.07692307692308, 48.07692307692308, 48.07692307692308, 48.07692307692308, 48.07692307692308, 48.07692307692308], u'Front End')
[4, 4, 7, 8, 9, 10, 11, 11, 11, 14, 15, 16, 17, 18, 18, 18, 21, 22, 23, 24, 25, 26, 25, 28, 29, 30, 31, 32, 33, 32, 35]
([44.23076923076923, 44.23076923076923, 44.23076923076923, 44.23076923076923, 44.23076923076923, 44.23076923076923, 44.23076923076923, 44.23076923076923, 44.23076923076923, 44.23076923076923, 44.23076923076923, 44.23076923076923, 44.23076923076923, 44.23076923076923, 44.23076923076923, 44.23076923076923, 44.23076923076923, 44.23076923076923, 44.23076923076923, 44.23076923076923, 44.23076923076923, 44.23076923076923, 44.23076923076923, 44.23076923076923, 44.23076923076923, 44.23076923076923, 44.23076923076923, 44.23076923076923, 44.23076923076923, 44.23076923076923, 44.23076923076923], u'Ruby on Rails')
[4, 4, 7, 8, 9, 10, 11, 11, 11, 14, 15, 16, 17, 18, 18, 18, 21, 22, 23, 24, 25, 26, 25, 28, 29, 30, 31, 32, 33, 32, 35]
([38.46153846153846, 38.46153846153846, 38.46153846153846, 38.46153846153846, 38.46153846153846, 38.46153846153846, 38.46153846153846, 38.46153846153846, 38.46153846153846, 38.46153846153846, 40.38461538461539, 40.38461538461539, 40.38461538461539, 40.38461538461539, 40.38461538461539, 40.38461538461539, 40.38461538461539, 40.38461538461539, 40.38461538461539, 40.38461538461539, 40.38461538461539, 40.38461538461539, 40.38461538461539, 40.38461538461539, 40.38461538461539, 40.38461538461539, 40.38461538461539, 40.38461538461539, 40.38461538461539, 40.38461538461539, 40.38461538461539], u'MySQL')
[4, 4, 7, 8, 9, 10, 11, 11, 11, 14, 15, 16, 17, 18, 18, 18, 21, 22, 23, 24, 25, 26, 25, 28, 29, 30, 31, 32, 33, 32, 35]
([40.38461538461539, 40.38461538461539, 40.38461538461539, 40.38461538461539, 40.38461538461539, 40.38461538461539, 40.38461538461539, 40.38461538461539, 40.38461538461539, 40.38461538461539, 40.38461538461539, 40.38461538461539, 40.38461538461539, 40.38461538461539, 40.38461538461539, 40.38461538461539, 40.38461538461539, 40.38461538461539, 40.38461538461539, 40.38461538461539, 40.38461538461539, 40.38461538461539, 40.38461538461539, 40.38461538461539, 40.38461538461539, 40.38461538461539, 40.38461538461539, 40.38461538461539, 40.38461538461539, 40.38461538461539, 40.38461538461539], u'Ruby')
[4, 4, 7, 8, 9, 10, 11, 11, 11, 14, 15, 16, 17, 18, 18, 18, 21, 22, 23, 24, 25, 26, 25, 28, 29, 30, 31, 32, 33, 32, 35]

Plot information for Locations (Dates: 2016-09-17 to 2016-10-17, Max Items: 12, Tracking Group: Selected Camp)
-------------------------------------------------------

([23.076923076923077, 23.076923076923077, 23.076923076923077, 23.076923076923077, 23.076923076923077, 23.076923076923077, 23.076923076923077, 23.076923076923077, 23.076923076923077, 23.076923076923077, 23.076923076923077, 23.076923076923077, 23.076923076923077, 23.076923076923077, 23.076923076923077, 23.076923076923077, 23.076923076923077, 23.076923076923077, 23.076923076923077, 23.076923076923077, 23.076923076923077, 23.076923076923077, 23.076923076923077, 23.076923076923077, 23.076923076923077, 23.076923076923077, 23.076923076923077, 23.076923076923077, 23.076923076923077, 23.076923076923077, 23.076923076923077], u'New York City')
[4, 4, 7, 8, 9, 10, 11, 11, 11, 14, 15, 16, 17, 18, 18, 18, 21, 22, 23, 24, 25, 26, 25, 28, 29, 30, 31, 32, 33, 32, 35]
([17.307692307692307, 17.307692307692307, 17.307692307692307, 17.307692307692307, 17.307692307692307, 17.307692307692307, 17.307692307692307, 17.307692307692307, 17.307692307692307, 17.307692307692307, 15.384615384615385, 15.384615384615385, 15.384615384615385, 17.307692307692307, 17.307692307692307, 17.307692307692307, 17.307692307692307, 17.307692307692307, 17.307692307692307, 17.307692307692307, 17.307692307692307, 17.307692307692307, 17.307692307692307, 17.307692307692307, 17.307692307692307, 17.307692307692307, 17.307692307692307, 17.307692307692307, 17.307692307692307, 17.307692307692307, 17.307692307692307], u'Online')
[4, 4, 7, 8, 9, 10, 11, 11, 11, 14, 15, 16, 17, 18, 18, 18, 21, 22, 23, 24, 25, 26, 25, 28, 29, 30, 31, 32, 33, 32, 35]
([17.307692307692307, 17.307692307692307, 17.307692307692307, 17.307692307692307, 17.307692307692307, 17.307692307692307, 17.307692307692307, 17.307692307692307, 17.307692307692307, 17.307692307692307, 17.307692307692307, 17.307692307692307, 17.307692307692307, 17.307692307692307, 17.307692307692307, 17.307692307692307, 17.307692307692307, 17.307692307692307, 17.307692307692307, 17.307692307692307, 17.307692307692307, 17.307692307692307, 17.307692307692307, 17.307692307692307, 17.307692307692307, 17.307692307692307, 17.307692307692307, 17.307692307692307, 17.307692307692307, 17.307692307692307, 17.307692307692307], u'San Francisco')
[4, 4, 7, 8, 9, 10, 11, 11, 11, 14, 15, 16, 17, 18, 18, 18, 21, 22, 23, 24, 25, 26, 25, 28, 29, 30, 31, 32, 33, 32, 35]
([17.307692307692307, 17.307692307692307, 17.307692307692307, 17.307692307692307, 17.307692307692307, 17.307692307692307, 17.307692307692307, 17.307692307692307, 17.307692307692307, 17.307692307692307, 17.307692307692307, 17.307692307692307, 17.307692307692307, 17.307692307692307, 17.307692307692307, 17.307692307692307, 17.307692307692307, 17.307692307692307, 17.307692307692307, 17.307692307692307, 17.307692307692307, 17.307692307692307, 17.307692307692307, 17.307692307692307, 17.307692307692307, 17.307692307692307, 17.307692307692307, 17.307692307692307, 17.307692307692307, 17.307692307692307, 17.307692307692307], u'Seattle')
[4, 4, 7, 8, 9, 10, 11, 11, 11, 14, 15, 16, 17, 18, 18, 18, 21, 22, 23, 24, 25, 26, 25, 28, 29, 30, 31, 32, 33, 32, 35]
([13.461538461538462, 13.461538461538462, 13.461538461538462, 13.461538461538462, 13.461538461538462, 13.461538461538462, 13.461538461538462, 13.461538461538462, 13.461538461538462, 13.461538461538462, 13.461538461538462, 13.461538461538462, 13.461538461538462, 13.461538461538462, 13.461538461538462, 13.461538461538462, 13.461538461538462, 13.461538461538462, 13.461538461538462, 13.461538461538462, 13.461538461538462, 13.461538461538462, 13.461538461538462, 13.461538461538462, 13.461538461538462, 13.461538461538462, 13.461538461538462, 13.461538461538462, 13.461538461538462, 13.461538461538462, 13.461538461538462], u'Chicago')
[4, 4, 7, 8, 9, 10, 11, 11, 11, 14, 15, 16, 17, 18, 18, 18, 21, 22, 23, 24, 25, 26, 25, 28, 29, 30, 31, 32, 33, 32, 35]
([13.461538461538462, 13.461538461538462, 13.461538461538462, 13.461538461538462, 13.461538461538462, 13.461538461538462, 13.461538461538462, 13.461538461538462, 13.461538461538462, 13.461538461538462, 13.461538461538462, 13.461538461538462, 13.461538461538462, 13.461538461538462, 13.461538461538462, 13.461538461538462, 13.461538461538462, 13.461538461538462, 13.461538461538462, 13.461538461538462, 13.461538461538462, 13.461538461538462, 13.461538461538462, 13.461538461538462, 13.461538461538462, 13.461538461538462, 13.461538461538462, 13.461538461538462, 13.461538461538462, 13.461538461538462, 13.461538461538462], u'Los Angeles')
[4, 4, 7, 8, 9, 10, 11, 11, 11, 14, 15, 16, 17, 18, 18, 18, 21, 22, 23, 24, 25, 26, 25, 28, 29, 30, 31, 32, 33, 32, 35]
([13.461538461538462, 13.461538461538462, 13.461538461538462, 13.461538461538462, 13.461538461538462, 13.461538461538462, 13.461538461538462, 13.461538461538462, 13.461538461538462, 13.461538461538462, 13.461538461538462, 13.461538461538462, 13.461538461538462, 13.461538461538462, 13.461538461538462, 13.461538461538462, 13.461538461538462, 13.461538461538462, 13.461538461538462, 13.461538461538462, 13.461538461538462, 13.461538461538462, 13.461538461538462, 13.461538461538462, 13.461538461538462, 13.461538461538462, 13.461538461538462, 13.461538461538462, 13.461538461538462, 13.461538461538462, 13.461538461538462], u'Austin')
[4, 4, 7, 8, 9, 10, 11, 11, 11, 14, 15, 16, 17, 18, 18, 18, 21, 22, 23, 24, 25, 26, 25, 28, 29, 30, 31, 32, 33, 32, 35]
([7.6923076923076925, 7.6923076923076925, 7.6923076923076925, 7.6923076923076925, 7.6923076923076925, 7.6923076923076925, 7.6923076923076925, 7.6923076923076925, 7.6923076923076925, 7.6923076923076925, 7.6923076923076925, 7.6923076923076925, 7.6923076923076925, 7.6923076923076925, 7.6923076923076925, 7.6923076923076925, 7.6923076923076925, 7.6923076923076925, 7.6923076923076925, 7.6923076923076925, 9.615384615384615, 9.615384615384615, 9.615384615384615, 9.615384615384615, 9.615384615384615, 9.615384615384615, 9.615384615384615, 9.615384615384615, 9.615384615384615, 9.615384615384615, 9.615384615384615], u'Denver')
[4, 4, 7, 8, 9, 10, 11, 11, 11, 14, 15, 16, 17, 18, 18, 18, 21, 22, 23, 24, 25, 26, 25, 28, 29, 30, 31, 32, 33, 32, 35]
([9.615384615384615, 9.615384615384615, 9.615384615384615, 9.615384615384615, 9.615384615384615, 9.615384615384615, 9.615384615384615, 9.615384615384615, 9.615384615384615, 9.615384615384615, 9.615384615384615, 9.615384615384615, 9.615384615384615, 9.615384615384615, 9.615384615384615, 9.615384615384615, 9.615384615384615, 9.615384615384615, 9.615384615384615, 9.615384615384615, 9.615384615384615, 9.615384615384615, 9.615384615384615, 9.615384615384615, 9.615384615384615, 9.615384615384615, 9.615384615384615, 9.615384615384615, 9.615384615384615, 9.615384615384615, 9.615384615384615], u'Salt Lake City')
[4, 4, 7, 8, 9, 10, 11, 11, 11, 14, 15, 16, 17, 18, 18, 18, 21, 22, 23, 24, 25, 26, 25, 28, 29, 30, 31, 32, 33, 32, 35]
([7.6923076923076925, 7.6923076923076925, 7.6923076923076925, 7.6923076923076925, 7.6923076923076925, 7.6923076923076925, 7.6923076923076925, 7.6923076923076925, 7.6923076923076925, 7.6923076923076925, 7.6923076923076925, 7.6923076923076925, 7.6923076923076925, 7.6923076923076925, 7.6923076923076925, 7.6923076923076925, 7.6923076923076925, 7.6923076923076925, 7.6923076923076925, 7.6923076923076925, 7.6923076923076925, 7.6923076923076925, 7.6923076923076925, 7.6923076923076925, 7.6923076923076925, 7.6923076923076925, 7.6923076923076925, 7.6923076923076925, 7.6923076923076925, 7.6923076923076925, 7.6923076923076925], u'Dallas')
[4, 4, 7, 8, 9, 10, 11, 11, 11, 14, 15, 16, 17, 18, 18, 18, 21, 22, 23, 24, 25, 26, 25, 28, 29, 30, 31, 32, 33, 32, 35]
([7.6923076923076925, 7.6923076923076925, 7.6923076923076925, 7.6923076923076925, 7.6923076923076925, 7.6923076923076925, 7.6923076923076925, 7.6923076923076925, 7.6923076923076925, 7.6923076923076925, 7.6923076923076925, 7.6923076923076925, 7.6923076923076925, 7.6923076923076925, 7.6923076923076925, 7.6923076923076925, 7.6923076923076925, 7.6923076923076925, 7.6923076923076925, 7.6923076923076925, 7.6923076923076925, 7.6923076923076925, 7.6923076923076925, 7.6923076923076925, 7.6923076923076925, 7.6923076923076925, 7.6923076923076925, 7.6923076923076925, 7.6923076923076925, 7.6923076923076925, 7.6923076923076925], u'Atlanta')
[4, 4, 7, 8, 9, 10, 11, 11, 11, 14, 15, 16, 17, 18, 18, 18, 21, 22, 23, 24, 25, 26, 25, 28, 29, 30, 31, 32, 33, 32, 35]
([7.6923076923076925, 7.6923076923076925, 7.6923076923076925, 7.6923076923076925, 7.6923076923076925, 7.6923076923076925, 7.6923076923076925, 7.6923076923076925, 7.6923076923076925, 7.6923076923076925, 7.6923076923076925, 7.6923076923076925, 7.6923076923076925, 7.6923076923076925, 7.6923076923076925, 7.6923076923076925, 7.6923076923076925, 7.6923076923076925, 7.6923076923076925, 7.6923076923076925, 7.6923076923076925, 7.6923076923076925, 7.6923076923076925, 7.6923076923076925, 7.6923076923076925, 7.6923076923076925, 7.6923076923076925, 7.6923076923076925, 7.6923076923076925, 7.6923076923076925, 7.6923076923076925], u'Washington')
[4, 4, 7, 8, 9, 10, 11, 11, 11, 14, 15, 16, 17, 18, 18, 18, 21, 22, 23, 24, 25, 26, 25, 28, 29, 30, 31, 32, 33, 32, 35]

Plot information for Technologies (Dates: 2016-09-17 to 2016-10-17, Max Items: 12, Tracking Group: Potential Markets)
-------------------------------------------------------

([58.8235294117647, 58.8235294117647, 58.8235294117647, 58.8235294117647, 58.8235294117647, 58.8235294117647, 58.8235294117647, 58.8235294117647, 58.8235294117647, 58.8235294117647, 58.8235294117647, 58.8235294117647, 58.8235294117647, 58.8235294117647, 58.8235294117647, 58.8235294117647, 58.8235294117647, 58.8235294117647, 58.8235294117647, 58.8235294117647, 58.8235294117647, 58.8235294117647, 58.8235294117647, 58.8235294117647, 58.8235294117647, 58.8235294117647, 58.8235294117647, 58.8235294117647, 58.8235294117647, 58.8235294117647, 58.8235294117647], u'HTML')
[4, 4, 7, 8, 9, 10, 11, 11, 11, 14, 15, 16, 17, 18, 18, 18, 21, 22, 23, 24, 25, 26, 25, 28, 29, 30, 31, 32, 33, 32, 35]
([58.8235294117647, 58.8235294117647, 58.8235294117647, 58.8235294117647, 58.8235294117647, 58.8235294117647, 58.8235294117647, 58.8235294117647, 58.8235294117647, 58.8235294117647, 58.8235294117647, 58.8235294117647, 58.8235294117647, 58.8235294117647, 58.8235294117647, 58.8235294117647, 58.8235294117647, 58.8235294117647, 58.8235294117647, 58.8235294117647, 58.8235294117647, 58.8235294117647, 58.8235294117647, 58.8235294117647, 58.8235294117647, 58.8235294117647, 58.8235294117647, 58.8235294117647, 58.8235294117647, 58.8235294117647, 58.8235294117647], u'JavaScript')
[4, 4, 7, 8, 9, 10, 11, 11, 11, 14, 15, 16, 17, 18, 18, 18, 21, 22, 23, 24, 25, 26, 25, 28, 29, 30, 31, 32, 33, 32, 35]
([58.8235294117647, 58.8235294117647, 58.8235294117647, 58.8235294117647, 58.8235294117647, 58.8235294117647, 58.8235294117647, 58.8235294117647, 58.8235294117647, 58.8235294117647, 58.8235294117647, 58.8235294117647, 58.8235294117647, 58.8235294117647, 58.8235294117647, 58.8235294117647, 58.8235294117647, 58.8235294117647, 58.8235294117647, 58.8235294117647, 58.8235294117647, 58.8235294117647, 58.8235294117647, 58.8235294117647, 58.8235294117647, 58.8235294117647, 58.8235294117647, 58.8235294117647, 58.8235294117647, 58.8235294117647, 58.8235294117647], u'CSS')
[4, 4, 7, 8, 9, 10, 11, 11, 11, 14, 15, 16, 17, 18, 18, 18, 21, 22, 23, 24, 25, 26, 25, 28, 29, 30, 31, 32, 33, 32, 35]
([47.05882352941177, 47.05882352941177, 47.05882352941177, 47.05882352941177, 47.05882352941177, 47.05882352941177, 47.05882352941177, 47.05882352941177, 47.05882352941177, 47.05882352941177, 47.05882352941177, 47.05882352941177, 47.05882352941177, 47.05882352941177, 47.05882352941177, 47.05882352941177, 47.05882352941177, 47.05882352941177, 47.05882352941177, 47.05882352941177, 47.05882352941177, 47.05882352941177, 47.05882352941177, 47.05882352941177, 47.05882352941177, 47.05882352941177, 52.94117647058823, 52.94117647058823, 52.94117647058823, 52.94117647058823, 52.94117647058823], u'jQuery')
[4, 4, 7, 8, 9, 10, 11, 11, 11, 14, 15, 16, 17, 18, 18, 18, 21, 22, 23, 24, 25, 26, 25, 28, 29, 30, 31, 32, 33, 32, 35]
([47.05882352941177, 47.05882352941177, 47.05882352941177, 47.05882352941177, 47.05882352941177, 47.05882352941177, 47.05882352941177, 47.05882352941177, 47.05882352941177, 47.05882352941177, 47.05882352941177, 47.05882352941177, 47.05882352941177, 47.05882352941177, 47.05882352941177, 47.05882352941177, 47.05882352941177, 47.05882352941177, 47.05882352941177, 47.05882352941177, 47.05882352941177, 47.05882352941177, 47.05882352941177, 47.05882352941177, 47.05882352941177, 47.05882352941177, 52.94117647058823, 52.94117647058823, 52.94117647058823, 52.94117647058823, 52.94117647058823], u'Git')
[4, 4, 7, 8, 9, 10, 11, 11, 11, 14, 15, 16, 17, 18, 18, 18, 21, 22, 23, 24, 25, 26, 25, 28, 29, 30, 31, 32, 33, 32, 35]
([41.1764705882353, 41.1764705882353, 41.1764705882353, 41.1764705882353, 41.1764705882353, 41.1764705882353, 41.1764705882353, 41.1764705882353, 41.1764705882353, 41.1764705882353, 41.1764705882353, 41.1764705882353, 41.1764705882353, 41.1764705882353, 41.1764705882353, 41.1764705882353, 41.1764705882353, 41.1764705882353, 41.1764705882353, 41.1764705882353, 41.1764705882353, 41.1764705882353, 41.1764705882353, 41.1764705882353, 41.1764705882353, 41.1764705882353, 47.05882352941177, 47.05882352941177, 47.05882352941177, 47.05882352941177, 47.05882352941177], u'SQL')
[4, 4, 7, 8, 9, 10, 11, 11, 11, 14, 15, 16, 17, 18, 18, 18, 21, 22, 23, 24, 25, 26, 25, 28, 29, 30, 31, 32, 33, 32, 35]
([29.41176470588235, 29.41176470588235, 29.41176470588235, 29.41176470588235, 29.41176470588235, 29.41176470588235, 29.41176470588235, 29.41176470588235, 29.41176470588235, 29.41176470588235, 29.41176470588235, 29.41176470588235, 29.41176470588235, 29.41176470588235, 29.41176470588235, 29.41176470588235, 29.41176470588235, 29.41176470588235, 29.41176470588235, 29.41176470588235, 29.41176470588235, 29.41176470588235, 29.41176470588235, 29.41176470588235, 29.41176470588235, 29.41176470588235, 35.294117647058826, 35.294117647058826, 35.294117647058826, 35.294117647058826, 35.294117647058826], u'Front End')
[4, 4, 7, 8, 9, 10, 11, 11, 11, 14, 15, 16, 17, 18, 18, 18, 21, 22, 23, 24, 25, 26, 25, 28, 29, 30, 31, 32, 33, 32, 35]
([35.294117647058826, 35.294117647058826, 35.294117647058826, 35.294117647058826, 35.294117647058826, 35.294117647058826, 35.294117647058826, 35.294117647058826, 35.294117647058826, 35.294117647058826, 35.294117647058826, 35.294117647058826, 35.294117647058826, 35.294117647058826, 35.294117647058826, 35.294117647058826, 35.294117647058826, 35.294117647058826, 35.294117647058826, 35.294117647058826, 35.294117647058826, 35.294117647058826, 35.294117647058826, 35.294117647058826, 35.294117647058826, 35.294117647058826, 35.294117647058826, 35.294117647058826, 35.294117647058826, 35.294117647058826, 35.294117647058826], u'User Experience Design')
[4, 4, 7, 8, 9, 10, 11, 11, 11, 14, 15, 16, 17, 18, 18, 18, 21, 22, 23, 24, 25, 26, 25, 28, 29, 30, 31, 32, 33, 32, 35]
([29.41176470588235, 29.41176470588235, 29.41176470588235, 29.41176470588235, 29.41176470588235, 29.41176470588235, 29.41176470588235, 29.41176470588235, 29.41176470588235, 29.41176470588235, 29.41176470588235, 29.41176470588235, 29.41176470588235, 29.41176470588235, 29.41176470588235, 29.41176470588235, 29.41176470588235, 29.41176470588235, 29.41176470588235, 29.41176470588235, 29.41176470588235, 29.41176470588235, 29.41176470588235, 29.41176470588235, 29.41176470588235, 29.41176470588235, 29.41176470588235, 29.41176470588235, 29.41176470588235, 29.41176470588235, 29.41176470588235], u'Ruby on Rails')
[4, 4, 7, 8, 9, 10, 11, 11, 11, 14, 15, 16, 17, 18, 18, 18, 21, 22, 23, 24, 25, 26, 25, 28, 29, 30, 31, 32, 33, 32, 35]
([29.41176470588235, 29.41176470588235, 29.41176470588235, 29.41176470588235, 29.41176470588235, 29.41176470588235, 29.41176470588235, 29.41176470588235, 29.41176470588235, 29.41176470588235, 29.41176470588235, 29.41176470588235, 29.41176470588235, 29.41176470588235, 29.41176470588235, 29.41176470588235, 29.41176470588235, 29.41176470588235, 29.41176470588235, 29.41176470588235, 29.41176470588235, 29.41176470588235, 29.41176470588235, 29.41176470588235, 29.41176470588235, 29.41176470588235, 29.41176470588235, 29.41176470588235, 29.41176470588235, 29.41176470588235, 29.41176470588235], u'iOS')
[4, 4, 7, 8, 9, 10, 11, 11, 11, 14, 15, 16, 17, 18, 18, 18, 21, 22, 23, 24, 25, 26, 25, 28, 29, 30, 31, 32, 33, 32, 35]
([29.41176470588235, 29.41176470588235, 29.41176470588235, 29.41176470588235, 29.41176470588235, 29.41176470588235, 29.41176470588235, 29.41176470588235, 29.41176470588235, 29.41176470588235, 29.41176470588235, 29.41176470588235, 29.41176470588235, 29.41176470588235, 29.41176470588235, 29.41176470588235, 29.41176470588235, 29.41176470588235, 29.41176470588235, 29.41176470588235, 29.41176470588235, 29.41176470588235, 29.41176470588235, 29.41176470588235, 29.41176470588235, 29.41176470588235, 29.41176470588235, 29.41176470588235, 29.41176470588235, 29.41176470588235, 29.41176470588235], u'Objective-C')
[4, 4, 7, 8, 9, 10, 11, 11, 11, 14, 15, 16, 17, 18, 18, 18, 21, 22, 23, 24, 25, 26, 25, 28, 29, 30, 31, 32, 33, 32, 35]
([23.529411764705884, 23.529411764705884, 23.529411764705884, 23.529411764705884, 23.529411764705884, 23.529411764705884, 23.529411764705884, 23.529411764705884, 23.529411764705884, 23.529411764705884, 23.529411764705884, 23.529411764705884, 23.529411764705884, 23.529411764705884, 23.529411764705884, 23.529411764705884, 23.529411764705884, 23.529411764705884, 23.529411764705884, 23.529411764705884, 23.529411764705884, 23.529411764705884, 23.529411764705884, 23.529411764705884, 23.529411764705884, 23.529411764705884, 23.529411764705884, 23.529411764705884, 23.529411764705884, 23.529411764705884, 23.529411764705884], u'Java')
[4, 4, 7, 8, 9, 10, 11, 11, 11, 14, 15, 16, 17, 18, 18, 18, 21, 22, 23, 24, 25, 26, 25, 28, 29, 30, 31, 32, 33, 32, 35]

Plot information for Locations (Dates: 2016-09-17 to 2016-10-17, Max Items: 12, Tracking Group: Potential Markets)
-------------------------------------------------------

([47.05882352941177, 47.05882352941177, 47.05882352941177, 47.05882352941177, 47.05882352941177, 47.05882352941177, 47.05882352941177, 47.05882352941177, 47.05882352941177, 47.05882352941177, 47.05882352941177, 47.05882352941177, 47.05882352941177, 47.05882352941177, 47.05882352941177, 47.05882352941177, 47.05882352941177, 47.05882352941177, 47.05882352941177, 47.05882352941177, 47.05882352941177, 47.05882352941177, 47.05882352941177, 47.05882352941177, 47.05882352941177, 47.05882352941177, 47.05882352941177, 47.05882352941177, 47.05882352941177, 47.05882352941177, 47.05882352941177], u'Toronto')
[4, 4, 7, 8, 9, 10, 11, 11, 11, 14, 15, 16, 17, 18, 18, 18, 21, 22, 23, 24, 25, 26, 25, 28, 29, 30, 31, 32, 33, 32, 35]
([41.1764705882353, 41.1764705882353, 41.1764705882353, 41.1764705882353, 41.1764705882353, 41.1764705882353, 41.1764705882353, 41.1764705882353, 41.1764705882353, 41.1764705882353, 41.1764705882353, 41.1764705882353, 41.1764705882353, 41.1764705882353, 41.1764705882353, 41.1764705882353, 41.1764705882353, 41.1764705882353, 41.1764705882353, 41.1764705882353, 41.1764705882353, 41.1764705882353, 41.1764705882353, 41.1764705882353, 41.1764705882353, 41.1764705882353, 41.1764705882353, 41.1764705882353, 41.1764705882353, 41.1764705882353, 41.1764705882353], u'Detroit')
[4, 4, 7, 8, 9, 10, 11, 11, 11, 14, 15, 16, 17, 18, 18, 18, 21, 22, 23, 24, 25, 26, 25, 28, 29, 30, 31, 32, 33, 32, 35]
([17.647058823529413, 17.647058823529413, 17.647058823529413, 17.647058823529413, 17.647058823529413, 17.647058823529413, 17.647058823529413, 17.647058823529413, 17.647058823529413, 17.647058823529413, 17.647058823529413, 17.647058823529413, 17.647058823529413, 17.647058823529413, 17.647058823529413, 17.647058823529413, 17.647058823529413, 17.647058823529413, 17.647058823529413, 17.647058823529413, 17.647058823529413, 17.647058823529413, 17.647058823529413, 17.647058823529413, 17.647058823529413, 17.647058823529413, 17.647058823529413, 17.647058823529413, 17.647058823529413, 17.647058823529413, 17.647058823529413], u'New York City')
[4, 4, 7, 8, 9, 10, 11, 11, 11, 14, 15, 16, 17, 18, 18, 18, 21, 22, 23, 24, 25, 26, 25, 28, 29, 30, 31, 32, 33, 32, 35]
([17.647058823529413, 17.647058823529413, 17.647058823529413, 17.647058823529413, 17.647058823529413, 17.647058823529413, 17.647058823529413, 17.647058823529413, 17.647058823529413, 17.647058823529413, 17.647058823529413, 17.647058823529413, 17.647058823529413, 17.647058823529413, 17.647058823529413, 17.647058823529413, 17.647058823529413, 17.647058823529413, 17.647058823529413, 17.647058823529413, 17.647058823529413, 17.647058823529413, 17.647058823529413, 17.647058823529413, 17.647058823529413, 17.647058823529413, 17.647058823529413, 17.647058823529413, 17.647058823529413, 17.647058823529413, 17.647058823529413], u'Austin')
[4, 4, 7, 8, 9, 10, 11, 11, 11, 14, 15, 16, 17, 18, 18, 18, 21, 22, 23, 24, 25, 26, 25, 28, 29, 30, 31, 32, 33, 32, 35]
([17.647058823529413, 17.647058823529413, 17.647058823529413, 17.647058823529413, 17.647058823529413, 17.647058823529413, 17.647058823529413, 17.647058823529413, 17.647058823529413, 17.647058823529413, 17.647058823529413, 17.647058823529413, 17.647058823529413, 17.647058823529413, 17.647058823529413, 17.647058823529413, 17.647058823529413, 17.647058823529413, 17.647058823529413, 17.647058823529413, 17.647058823529413, 17.647058823529413, 17.647058823529413, 17.647058823529413, 17.647058823529413, 17.647058823529413, 17.647058823529413, 17.647058823529413, 17.647058823529413, 17.647058823529413, 17.647058823529413], u'Vancouver')
[4, 4, 7, 8, 9, 10, 11, 11, 11, 14, 15, 16, 17, 18, 18, 18, 21, 22, 23, 24, 25, 26, 25, 28, 29, 30, 31, 32, 33, 32, 35]
([17.647058823529413, 17.647058823529413, 17.647058823529413, 17.647058823529413, 17.647058823529413, 17.647058823529413, 17.647058823529413, 17.647058823529413, 17.647058823529413, 17.647058823529413, 17.647058823529413, 17.647058823529413, 17.647058823529413, 17.647058823529413, 17.647058823529413, 17.647058823529413, 17.647058823529413, 17.647058823529413, 17.647058823529413, 17.647058823529413, 17.647058823529413, 17.647058823529413, 17.647058823529413, 17.647058823529413, 17.647058823529413, 17.647058823529413, 17.647058823529413, 17.647058823529413, 17.647058823529413, 17.647058823529413, 17.647058823529413], u'Cincinnati')
[4, 4, 7, 8, 9, 10, 11, 11, 11, 14, 15, 16, 17, 18, 18, 18, 21, 22, 23, 24, 25, 26, 25, 28, 29, 30, 31, 32, 33, 32, 35]
([11.764705882352942, 11.764705882352942, 11.764705882352942, 11.764705882352942, 11.764705882352942, 11.764705882352942, 11.764705882352942, 11.764705882352942, 11.764705882352942, 11.764705882352942, 11.764705882352942, 11.764705882352942, 11.764705882352942, 11.764705882352942, 11.764705882352942, 11.764705882352942, 11.764705882352942, 11.764705882352942, 11.764705882352942, 11.764705882352942, 11.764705882352942, 11.764705882352942, 11.764705882352942, 11.764705882352942, 11.764705882352942, 11.764705882352942, 11.764705882352942, 11.764705882352942, 11.764705882352942, 11.764705882352942, 11.764705882352942], u'Chicago')
[4, 4, 7, 8, 9, 10, 11, 11, 11, 14, 15, 16, 17, 18, 18, 18, 21, 22, 23, 24, 25, 26, 25, 28, 29, 30, 31, 32, 33, 32, 35]
([11.764705882352942, 11.764705882352942, 11.764705882352942, 11.764705882352942, 11.764705882352942, 11.764705882352942, 11.764705882352942, 11.764705882352942, 11.764705882352942, 11.764705882352942, 11.764705882352942, 11.764705882352942, 11.764705882352942, 11.764705882352942, 11.764705882352942, 11.764705882352942, 11.764705882352942, 11.764705882352942, 11.764705882352942, 11.764705882352942, 11.764705882352942, 11.764705882352942, 11.764705882352942, 11.764705882352942, 11.764705882352942, 11.764705882352942, 11.764705882352942, 11.764705882352942, 11.764705882352942, 11.764705882352942, 11.764705882352942], u'Indianapolis')
[4, 4, 7, 8, 9, 10, 11, 11, 11, 14, 15, 16, 17, 18, 18, 18, 21, 22, 23, 24, 25, 26, 25, 28, 29, 30, 31, 32, 33, 32, 35]
([11.764705882352942, 11.764705882352942, 11.764705882352942, 11.764705882352942, 11.764705882352942, 11.764705882352942, 11.764705882352942, 11.764705882352942, 11.764705882352942, 11.764705882352942, 11.764705882352942, 11.764705882352942, 11.764705882352942, 11.764705882352942, 11.764705882352942, 11.764705882352942, 11.764705882352942, 11.764705882352942, 11.764705882352942, 11.764705882352942, 11.764705882352942, 11.764705882352942, 11.764705882352942, 11.764705882352942, 11.764705882352942, 11.764705882352942, 11.764705882352942, 11.764705882352942, 11.764705882352942, 11.764705882352942, 11.764705882352942], u'Pittsburgh')
[4, 4, 7, 8, 9, 10, 11, 11, 11, 14, 15, 16, 17, 18, 18, 18, 21, 22, 23, 24, 25, 26, 25, 28, 29, 30, 31, 32, 33, 32, 35]
([11.764705882352942, 11.764705882352942, 11.764705882352942, 11.764705882352942, 11.764705882352942, 11.764705882352942, 11.764705882352942, 11.764705882352942, 11.764705882352942, 11.764705882352942, 11.764705882352942, 11.764705882352942, 11.764705882352942, 11.764705882352942, 11.764705882352942, 11.764705882352942, 11.764705882352942, 11.764705882352942, 11.764705882352942, 11.764705882352942, 11.764705882352942, 11.764705882352942, 11.764705882352942, 11.764705882352942, 11.764705882352942, 11.764705882352942, 11.764705882352942, 11.764705882352942, 11.764705882352942, 11.764705882352942, 11.764705882352942], u'Dallas')
[4, 4, 7, 8, 9, 10, 11, 11, 11, 14, 15, 16, 17, 18, 18, 18, 21, 22, 23, 24, 25, 26, 25, 28, 29, 30, 31, 32, 33, 32, 35]
([11.764705882352942, 11.764705882352942, 11.764705882352942, 11.764705882352942, 11.764705882352942, 11.764705882352942, 11.764705882352942, 11.764705882352942, 11.764705882352942, 11.764705882352942, 11.764705882352942, 11.764705882352942, 11.764705882352942, 11.764705882352942, 11.764705882352942, 11.764705882352942, 11.764705882352942, 11.764705882352942, 11.764705882352942, 11.764705882352942, 11.764705882352942, 11.764705882352942, 11.764705882352942, 11.764705882352942, 11.764705882352942, 11.764705882352942, 11.764705882352942, 11.764705882352942, 11.764705882352942, 11.764705882352942, 11.764705882352942], u'Salt Lake City')
[4, 4, 7, 8, 9, 10, 11, 11, 11, 14, 15, 16, 17, 18, 18, 18, 21, 22, 23, 24, 25, 26, 25, 28, 29, 30, 31, 32, 33, 32, 35]
([11.764705882352942, 11.764705882352942, 11.764705882352942, 11.764705882352942, 11.764705882352942, 11.764705882352942, 11.764705882352942, 11.764705882352942, 11.764705882352942, 11.764705882352942, 11.764705882352942, 11.764705882352942, 11.764705882352942, 11.764705882352942, 11.764705882352942, 11.764705882352942, 11.764705882352942, 11.764705882352942, 11.764705882352942, 11.764705882352942, 11.764705882352942, 11.764705882352942, 11.764705882352942, 11.764705882352942, 11.764705882352942, 11.764705882352942, 11.764705882352942, 11.764705882352942, 11.764705882352942, 11.764705882352942, 11.764705882352942], u'Atlanta')
[4, 4, 7, 8, 9, 10, 11, 11, 11, 14, 15, 16, 17, 18, 18, 18, 21, 22, 23, 24, 25, 26, 25, 28, 29, 30, 31, 32, 33, 32, 35]

